--- Evaluation Metrics (Answers) ---
ROUGE - rouge1: 0.0668
ROUGE - rouge2: 0.0341
ROUGE - rougeL: 0.0662
ROUGE - rougeLsum: 0.0662
BLEU - bleu: 0.0304
BLEU - precisions: [0.11156741957563313, 0.06463527239150507, 0.045512010113780026, 0.030100334448160536]
BLEU - brevity_penalty: 0.5431
BLEU - length_ratio: 0.6209
BLEU - translation_length: 1461.0000
BLEU - reference_length: 2353.0000
METEOR - meteor: 0.0534
BERTScore - precision: [0.8110556602478027, 0.838539719581604, 0.0, 0.0, 0.0, 0.8828439712524414, 0.0, 0.0, 0.0, 0.85984206199646, 0.7918793559074402, 0.729019045829773, 0.0, 0.8158865571022034, 0.984014630317688, 0.0, 0.8082051277160645, 0.9487056732177734, 0.0, 0.9989170432090759, 0.0, 0.8091170787811279, 0.7630734443664551, 0.8870453834533691, 0.8614798784255981, 0.0, 0.0, 0.0, 0.8173898458480835, 0.0, 0.0, 0.0, 0.7869137525558472, 0.8631813526153564, 0.8907739520072937, 0.7940096855163574, 0.0, 0.0, 0.0, 0.0, 0.0, 0.0, 0.0, 0.0, 0.7738150358200073, 0.0, 0.0, 0.9987236261367798, 0.0, 0.7633625268936157, 0.8284300565719604, 0.8227246999740601, 0.0, 0.7491074800491333, 0.0, 0.854987382888794, 0.0, 0.7704603672027588, 0.8106228709220886, 0.0, 0.8839634656906128, 0.0, 0.8031041622161865, 0.8843010663986206, 0.0, 0.0, 0.9143332839012146, 0.0, 0.0, 0.0, 0.7974374294281006, 0.0, 0.7299792170524597, 0.8329233527183533, 0.8173770308494568, 0.7675573825836182, 0.9475164413452148, 0.0, 0.8035025000572205, 0.7282679677009583, 0.0, 0.8172691464424133, 0.0, 0.7984470129013062, 0.8250411748886108, 0.0, 0.0, 0.0, 0.8029494285583496, 0.8105655908584595, 0.8075209856033325, 0.7693415880203247, 0.0, 1.0000001192092896, 0.0, 0.8241828083992004, 0.0, 0.928521990776062, 0.827436089515686, 0.8619203567504883, 0.897373616695404, 0.0, 0.0, 0.0, 0.7769902944564819, 0.0, 0.0, 1.0000001192092896, 0.8107706308364868, 0.0, 0.8662800788879395, 0.0, 0.7293719053268433, 0.0, 0.8137633204460144, 0.0, 0.0, 0.0, 0.911024272441864, 0.0, 0.8773140907287598, 0.0, 0.0, 0.9353760480880737, 0.7967060208320618, 0.0, 0.835017204284668, 0.0, 0.8446401953697205, 0.0, 0.8058285713195801, 0.0, 0.8012559413909912, 0.9154576659202576, 0.0, 0.8136662840843201, 0.8192291259765625, 0.9243485331535339, 0.8180365562438965, 0.0, 0.0, 0.0, 0.8506188988685608, 0.8075435161590576, 0.808800995349884, 0.0, 0.0, 0.7989445924758911, 0.0, 0.8653480410575867, 0.0, 0.8188583850860596, 0.0, 0.0, 0.0, 0.8530789613723755, 0.0, 0.8016752004623413, 0.927304208278656, 0.0, 0.8327618837356567, 1.0000003576278687, 0.0, 0.0, 0.0, 0.8694882988929749, 0.8902179002761841, 0.8059710264205933, 0.0, 0.7455352544784546, 0.792920708656311, 0.0, 0.0, 0.8699597120285034, 0.0, 0.8609856963157654, 0.0, 0.0, 0.0, 0.803634524345398, 0.8070794939994812, 0.7328514456748962, 0.795745849609375, 0.8905059695243835, 0.8117638826370239, 0.7948787212371826, 0.0, 0.8130948543548584, 0.0, 0.7837802767753601, 0.9201757907867432, 0.8353826999664307, 0.0, 0.0, 0.7413437366485596, 0.9999998807907104, 0.793509840965271, 0.8326804041862488, 0.0, 0.7764533162117004, 0.9193282127380371, 0.8102558851242065, 0.8032752275466919, 0.0, 1.0, 0.8409593105316162, 0.7537124156951904, 0.8635083436965942, 0.0, 0.7909625172615051, 0.9088453054428101, 0.0, 0.0, 0.8891588449478149, 0.8920449018478394, 0.8552408218383789, 0.7526535987854004, 0.7619129419326782, 0.0, 0.0, 0.0, 0.0, 0.0, 0.8632594347000122, 0.0, 0.0, 0.9999998807907104, 0.8027547597885132, 0.818832516670227, 0.8862082958221436, 0.8098357915878296, 0.8646350502967834, 0.7670854330062866, 0.8200060129165649, 0.8761552572250366, 0.7609066963195801, 0.787543535232544, 0.0, 0.0, 0.7654440402984619, 0.8402444124221802, 0.0, 0.0, 0.8871096968650818, 0.7752098441123962, 0.8260824680328369, 0.0, 0.841858983039856, 0.8597555160522461, 0.0, 0.8029767274856567, 0.9999999403953552, 0.0, 0.0, 0.0, 0.8249160647392273, 0.8595994710922241, 0.0, 0.7904442548751831, 0.764461874961853, 0.7602935433387756, 0.8307173252105713, 0.8120984435081482, 0.9999999403953552, 0.8461484909057617, 0.0, 0.8098890781402588, 0.0, 0.8530443906784058, 0.0, 0.7794510722160339, 0.7241448163986206, 0.8164674043655396, 0.8094498515129089, 0.0, 0.8060819506645203, 0.0, 0.8453633785247803, 0.0, 0.888056218624115, 0.8256464004516602, 0.7546933889389038, 0.0, 0.0, 0.7703824043273926, 0.0, 0.8049978017807007, 0.0, 0.7846823334693909, 0.847313642501831, 0.740696132183075, 0.7488425374031067, 0.0, 0.0, 0.8191009759902954, 0.7170485854148865, 0.8657698035240173, 0.8132696151733398, 0.8189288377761841, 0.7881416082382202, 0.0, 0.0, 0.0, 0.815534234046936, 0.0, 0.8148065209388733, 0.7943005561828613, 0.8362311124801636, 0.0, 0.8321274518966675, 1.0, 0.0, 0.8153058290481567, 0.8038209676742554, 0.0, 0.0, 0.0, 0.0, 0.8874965310096741, 0.0, 0.0, 0.0, 0.8632795810699463, 0.0, 0.7967102527618408, 0.0, 0.0, 0.7748759984970093, 0.0, 0.0, 0.7677745819091797, 0.0, 0.0, 0.0, 0.7713829874992371, 0.0, 0.7190233469009399, 0.7803071737289429, 0.9457328915596008, 0.0, 0.8954399824142456, 0.8651269674301147, 0.0, 0.0, 0.7714911699295044, 0.0, 0.9087385535240173, 0.802221953868866, 0.8147103786468506, 0.0, 0.0, 0.0, 0.8226644992828369, 0.7860305309295654, 0.7210687398910522, 0.8534266948699951, 0.0, 0.0, 0.0, 0.9999996423721313, 0.0, 0.0, 0.9048375487327576, 0.9520612955093384, 0.0, 0.0, 0.8784983158111572, 0.8222725987434387, 0.0, 0.0, 0.9820789098739624, 0.7280624508857727, 0.0, 0.7596352100372314, 0.7822447419166565, 0.0, 0.8657729625701904, 0.0, 1.0000004768371582, 0.0, 0.0, 0.0, 0.8322803974151611, 0.0, 0.0, 0.0, 0.0, 0.7893873453140259, 0.8224605321884155, 0.9834925532341003, 0.8435083627700806, 0.8087286353111267, 0.7969464063644409, 0.0, 0.0, 0.0, 0.0, 1.0, 0.8414835929870605, 0.0, 0.8922191858291626, 0.7938807010650635, 0.7817474603652954, 0.0, 0.0, 0.0, 0.0, 0.0, 0.8107907772064209, 0.8445116281509399, 1.0000001192092896, 0.902068018913269, 0.0, 0.0, 0.8294811844825745, 0.8120436072349548, 0.7644262313842773, 0.7533295154571533, 0.9428896903991699, 0.0, 0.0, 0.0, 1.0, 0.7723937034606934, 0.8192998170852661, 0.0, 1.0000001192092896, 0.0, 0.8967976570129395, 0.8901820182800293, 0.0, 0.0, 0.8060722351074219, 0.898525059223175, 0.8428144454956055, 0.8646559119224548, 0.0, 0.0, 0.7510172724723816, 0.8698776960372925, 0.0, 0.0, 0.7822347283363342, 0.8251380324363708, 0.8256732225418091, 0.0, 0.8435710668563843, 0.0, 0.0, 0.778042197227478, 0.0, 0.7651501893997192, 0.0, 0.8308442831039429, 0.9978672862052917, 0.0, 0.9553521871566772, 0.8375866413116455, 0.7336047887802124, 0.0, 0.7384843230247498, 0.0, 0.0, 0.7705748677253723, 1.0000001192092896, 0.8805661201477051, 0.784400999546051, 0.0, 0.8677182197570801, 0.0, 0.8302115201950073, 0.8055803775787354, 0.8384607434272766, 0.0, 0.0, 0.7621018886566162, 0.0, 0.0, 0.9999998807907104, 0.0, 0.0, 0.0, 0.0, 0.8626466989517212, 0.0, 0.0, 0.7437561750411987, 0.8121337890625, 0.793059229850769, 0.8261700868606567, 0.6839927434921265, 0.9147579669952393, 0.0, 0.0, 0.876419723033905, 0.9310979843139648, 0.7672603130340576, 0.8558996915817261, 0.0, 0.0, 0.8477113842964172, 0.8654485940933228, 0.8206148743629456, 0.8265619874000549, 0.0, 0.7550126910209656, 0.7447795867919922, 0.0, 0.8660348653793335, 0.8331962823867798, 0.7783598899841309, 0.8040193319320679, 0.7949157953262329, 0.0, 0.0, 0.0, 0.8197002410888672, 0.7307475805282593, 0.7506548166275024, 0.0, 0.0, 0.768588662147522, 0.0, 0.0, 0.8767774105072021, 0.8481500744819641, 0.8061270713806152, 0.0, 0.0, 0.7336582541465759, 0.8339616060256958, 0.8696853518486023, 0.7548543214797974, 0.0, 0.9313662648200989, 0.8061767816543579, 0.0, 0.0, 0.0, 0.7806445360183716, 0.8064862489700317, 0.0, 0.0, 0.0, 0.0, 0.0, 0.0, 0.0, 0.8492206335067749, 0.8000853061676025, 0.0, 0.0, 0.7692906856536865, 0.0, 0.0, 0.0, 0.8023754358291626, 0.8304436206817627, 0.8446288108825684, 0.7941437363624573, 0.8383190631866455, 0.0, 0.0, 0.0, 0.0, 0.0, 0.7403358221054077, 0.0, 0.7804669737815857, 0.0, 0.0, 0.7447056174278259, 0.7581859230995178, 0.8303548693656921, 0.867948055267334, 0.0, 0.0, 0.8025634288787842, 0.0, 0.0, 0.8764817118644714, 0.9076924324035645, 0.9999992847442627, 0.0, 0.7985773682594299, 0.0, 0.0, 0.8713829517364502, 0.7757145166397095, 0.7512616515159607, 0.8077510595321655, 0.8251924514770508, 0.0, 0.768234133720398, 0.7924039363861084, 1.0000004768371582, 0.9226151704788208, 0.0, 0.8794172406196594, 0.0, 0.8854940533638, 0.7492676973342896, 0.0, 0.8644030690193176, 0.8626143932342529, 0.0, 0.8427268266677856, 0.8645303249359131, 0.0, 0.0, 0.7238855361938477, 0.8106340169906616, 0.8721193671226501, 0.7914016246795654, 1.0000001192092896, 0.0, 0.9636417031288147, 0.0, 0.0, 0.0, 0.8051326870918274, 0.8807637691497803, 0.0, 0.7595447301864624, 0.7956406474113464, 0.8009190559387207, 0.8767274618148804, 0.8175703287124634, 0.8116055727005005, 0.0, 0.0, 0.7148590087890625, 0.0, 0.860493540763855, 0.9152523279190063, 0.0, 0.0, 0.0, 0.8493465781211853, 0.8138889074325562, 0.0, 0.0, 0.7607178688049316, 0.7468483448028564, 0.8806918859481812, 0.0, 0.0, 0.7751620411872864, 0.8715071678161621, 0.0, 0.0, 0.7014886140823364, 0.8282592296600342, 0.7184152007102966, 0.8425915837287903, 0.0, 0.8671369552612305, 0.0, 0.9022039771080017, 0.8433260321617126, 0.8313909769058228, 0.8610334992408752, 0.0, 0.8555309772491455, 0.0, 0.9747788310050964, 0.8543438911437988, 0.0, 0.8064959645271301, 0.7843316793441772, 0.0, 0.0, 0.0, 0.0, 0.0, 0.0, 0.0, 0.7686303853988647]
BERTScore - recall: [0.8204272985458374, 0.8543635606765747, 0.0, 0.0, 0.0, 0.8431745171546936, 0.0, 0.0, 0.0, 0.846458911895752, 0.7862342596054077, 0.8406122922897339, 0.0, 0.8011399507522583, 0.984014630317688, 0.0, 0.7302905321121216, 0.9239810705184937, 0.0, 0.9989170432090759, 0.0, 0.8198580741882324, 0.8249958157539368, 0.8755239248275757, 0.7987733483314514, 0.0, 0.0, 0.0, 0.9206653237342834, 0.0, 0.0, 0.0, 0.8856477737426758, 0.6528106927871704, 0.8661118745803833, 0.8192191123962402, 0.0, 0.0, 0.0, 0.0, 0.0, 0.0, 0.0, 0.0, 0.8175748586654663, 0.0, 0.0, 0.9987236261367798, 0.0, 0.8195402026176453, 0.8232704401016235, 0.813988208770752, 0.0, 0.8379229307174683, 0.0, 0.8735764026641846, 0.0, 0.8146178722381592, 0.8431969881057739, 0.0, 0.8512935638427734, 0.0, 0.8066046833992004, 0.8333154320716858, 0.0, 0.0, 0.8490610122680664, 0.0, 0.0, 0.0, 0.8569717407226562, 0.0, 0.7482060790061951, 0.8513505458831787, 0.8181581497192383, 0.8242043256759644, 0.8932840824127197, 0.0, 0.8194348812103271, 0.8252009153366089, 0.0, 0.7863864898681641, 0.0, 0.7699302434921265, 0.8863121867179871, 0.0, 0.0, 0.0, 0.8910316824913025, 0.8297021985054016, 0.8793907761573792, 0.8453129529953003, 0.0, 1.0000001192092896, 0.0, 0.8533496856689453, 0.0, 0.8948496580123901, 0.8949783444404602, 0.7958805561065674, 0.8462175130844116, 0.0, 0.0, 0.0, 0.9016575217247009, 0.0, 0.0, 1.0000001192092896, 0.8600814342498779, 0.0, 0.8877077698707581, 0.0, 0.7759937047958374, 0.0, 0.7763875126838684, 0.0, 0.0, 0.0, 0.9444504380226135, 0.0, 0.8451977372169495, 0.0, 0.0, 0.8957716226577759, 0.8381170034408569, 0.0, 0.8378494381904602, 0.0, 0.8502125144004822, 0.0, 0.8509038686752319, 0.0, 0.8556655049324036, 0.870753288269043, 0.0, 0.8710353970527649, 0.7876504063606262, 0.809751033782959, 0.8739532828330994, 0.0, 0.0, 0.0, 0.7431294322013855, 0.8615585565567017, 0.8148770332336426, 0.0, 0.0, 0.8434084057807922, 0.0, 0.8000469207763672, 0.0, 0.7054848074913025, 0.0, 0.0, 0.0, 0.8421082496643066, 0.0, 0.7652393579483032, 0.7888408303260803, 0.0, 0.737201452255249, 1.0000003576278687, 0.0, 0.0, 0.0, 0.6942242383956909, 0.8412870168685913, 0.8022569417953491, 0.0, 0.7474804520606995, 0.8339824080467224, 0.0, 0.0, 0.8834909796714783, 0.0, 0.8665607571601868, 0.0, 0.0, 0.0, 0.9108926653862, 0.7963204979896545, 0.8689403533935547, 0.7444884777069092, 0.8524206876754761, 0.8362147808074951, 0.7431443333625793, 0.0, 0.794182538986206, 0.0, 0.788550615310669, 0.8156846165657043, 0.8215511441230774, 0.0, 0.0, 0.7977317571640015, 0.9999998807907104, 0.8779758214950562, 0.861276388168335, 0.0, 0.8832706212997437, 0.8206291198730469, 0.7411158084869385, 0.8015331625938416, 0.0, 1.0, 0.8673138618469238, 0.7563344240188599, 0.8766283988952637, 0.0, 0.7265598773956299, 0.7524857521057129, 0.0, 0.0, 0.8361421823501587, 0.9605339765548706, 0.8610244989395142, 0.8442161083221436, 0.8372578620910645, 0.0, 0.0, 0.0, 0.0, 0.0, 0.8369402289390564, 0.0, 0.0, 0.9999998807907104, 0.7632721662521362, 0.7723633050918579, 0.9280341267585754, 0.803307831287384, 0.8050618767738342, 0.797378659248352, 0.7357553243637085, 0.8475618362426758, 0.833724856376648, 0.7755605578422546, 0.0, 0.0, 0.8012696504592896, 0.8714117407798767, 0.0, 0.0, 0.8365362882614136, 0.8416574001312256, 0.8529207706451416, 0.0, 0.9235571026802063, 0.8370890021324158, 0.0, 0.8341594934463501, 0.9999999403953552, 0.0, 0.0, 0.0, 0.8052811026573181, 0.8784216642379761, 0.0, 0.878940999507904, 0.8272849321365356, 0.8035241365432739, 0.8298013210296631, 0.852877676486969, 0.9999999403953552, 0.8588821887969971, 0.0, 0.8679431676864624, 0.0, 0.925868809223175, 0.0, 0.6935034990310669, 0.8279160857200623, 0.8323126435279846, 0.7909071445465088, 0.0, 0.8851361870765686, 0.0, 0.8986853361129761, 0.0, 0.909925103187561, 0.7474489212036133, 0.8390706181526184, 0.0, 0.0, 0.8561280965805054, 0.0, 0.7822148203849792, 0.0, 0.8588497042655945, 0.921377956867218, 0.8357760310173035, 0.7761581540107727, 0.0, 0.0, 0.872218906879425, 0.8177655339241028, 0.7605692148208618, 0.7620383501052856, 0.9029991030693054, 0.837786078453064, 0.0, 0.0, 0.0, 0.8532856106758118, 0.0, 0.8099169731140137, 0.8458352088928223, 0.7718572616577148, 0.0, 0.72552490234375, 1.0, 0.0, 0.8117790818214417, 0.857290506362915, 0.0, 0.0, 0.0, 0.0, 0.845641553401947, 0.0, 0.0, 0.0, 0.8102062940597534, 0.0, 0.817874550819397, 0.0, 0.0, 0.8084927797317505, 0.0, 0.0, 0.7692269682884216, 0.0, 0.0, 0.0, 0.7879480123519897, 0.0, 0.8243070244789124, 0.8173120021820068, 0.9457328915596008, 0.0, 0.8245266079902649, 0.837577760219574, 0.0, 0.0, 0.7515554428100586, 0.0, 0.8168995380401611, 0.7929137349128723, 0.7957242727279663, 0.0, 0.0, 0.0, 0.873370349407196, 0.9160817861557007, 0.8703328967094421, 0.8548785448074341, 0.0, 0.0, 0.0, 0.9999996423721313, 0.0, 0.0, 0.7388555407524109, 0.9136276245117188, 0.0, 0.0, 0.8054099678993225, 0.8415004014968872, 0.0, 0.0, 0.9770532250404358, 0.7694216370582581, 0.0, 0.8163155913352966, 0.7965747117996216, 0.0, 0.8425930738449097, 0.0, 1.0000004768371582, 0.0, 0.0, 0.0, 0.8787290453910828, 0.0, 0.0, 0.0, 0.0, 0.8278521299362183, 0.8482012748718262, 0.9550169110298157, 0.7905431389808655, 0.8339599967002869, 0.8493168950080872, 0.0, 0.0, 0.0, 0.0, 1.0, 0.8933501839637756, 0.0, 0.8384646773338318, 0.8435527086257935, 0.8052886724472046, 0.0, 0.0, 0.0, 0.0, 0.0, 0.8786494731903076, 0.8354429602622986, 1.0000001192092896, 0.8616704940795898, 0.0, 0.0, 0.8190245032310486, 0.812678873538971, 0.7700997591018677, 0.8236547708511353, 0.9428896903991699, 0.0, 0.0, 0.0, 1.0, 0.6951700448989868, 0.7511454820632935, 0.0, 1.0000001192092896, 0.0, 0.7945494651794434, 0.7073314785957336, 0.0, 0.0, 0.855613112449646, 0.8653433322906494, 0.8666216135025024, 0.8142932653427124, 0.0, 0.0, 0.8051478862762451, 0.8411315679550171, 0.0, 0.0, 0.8384174704551697, 0.8592634201049805, 0.8493289947509766, 0.0, 0.7362627983093262, 0.0, 0.0, 0.8744485974311829, 0.0, 0.7870578765869141, 0.0, 0.8439409136772156, 0.9978672862052917, 0.0, 0.8675336837768555, 0.654052734375, 0.7748066186904907, 0.0, 0.840772807598114, 0.0, 0.0, 0.8200818300247192, 1.0000001192092896, 0.75200355052948, 0.8088172674179077, 0.0, 0.8426099419593811, 0.0, 0.8007326126098633, 0.8597004413604736, 0.8529565930366516, 0.0, 0.0, 0.814689040184021, 0.0, 0.0, 0.9999998807907104, 0.0, 0.0, 0.0, 0.0, 0.8724501132965088, 0.0, 0.0, 0.8077468872070312, 0.7144874930381775, 0.7872787714004517, 0.8376189470291138, 0.7233009934425354, 0.8643710613250732, 0.0, 0.0, 0.7842305302619934, 0.8667983412742615, 0.8403223752975464, 0.8185148239135742, 0.0, 0.0, 0.8095468282699585, 0.852814257144928, 0.8871815800666809, 0.8852542638778687, 0.0, 0.8112425208091736, 0.7892110347747803, 0.0, 0.8387175798416138, 0.8200821876525879, 0.790372371673584, 0.8336336016654968, 0.9036669731140137, 0.0, 0.0, 0.0, 0.8354911804199219, 0.8435766696929932, 0.8716495037078857, 0.0, 0.0, 0.8832940459251404, 0.0, 0.0, 0.8800520300865173, 0.899724006652832, 0.8546404838562012, 0.0, 0.0, 0.824548602104187, 0.7418647408485413, 0.7625017762184143, 0.8718722462654114, 0.0, 0.8493521213531494, 0.7991563081741333, 0.0, 0.0, 0.0, 0.8000485897064209, 0.832337498664856, 0.0, 0.0, 0.0, 0.0, 0.0, 0.0, 0.0, 0.789513349533081, 0.8041108846664429, 0.0, 0.0, 0.8395770192146301, 0.0, 0.0, 0.0, 0.8556392788887024, 0.8456546664237976, 0.8161655068397522, 0.8049530982971191, 0.9013220071792603, 0.0, 0.0, 0.0, 0.0, 0.0, 0.7882498502731323, 0.0, 0.7363637089729309, 0.0, 0.0, 0.82778000831604, 0.8185433745384216, 0.8823622465133667, 0.8457165956497192, 0.0, 0.0, 0.8866165280342102, 0.0, 0.0, 0.8742901086807251, 0.9541586637496948, 0.9999992847442627, 0.0, 0.8701379299163818, 0.0, 0.0, 0.8467772006988525, 0.8692400455474854, 0.8729815483093262, 0.7810531854629517, 0.8098341226577759, 0.0, 0.8232402801513672, 0.8421937227249146, 1.0000004768371582, 0.8975844383239746, 0.0, 0.8794172406196594, 0.0, 0.8251649141311646, 0.8065151572227478, 0.0, 0.7939594984054565, 0.8805974721908569, 0.0, 0.8027455806732178, 0.7998641729354858, 0.0, 0.0, 0.7228808999061584, 0.8387511968612671, 0.7324524521827698, 0.8595275282859802, 1.0000001192092896, 0.0, 0.9443697333335876, 0.0, 0.0, 0.0, 0.7933717966079712, 0.862345278263092, 0.0, 0.8224681615829468, 0.8106521964073181, 0.8795925974845886, 0.7211869955062866, 0.814894437789917, 0.8103232979774475, 0.0, 0.0, 0.7455859184265137, 0.0, 0.8293194770812988, 0.8413176536560059, 0.0, 0.0, 0.0, 0.8177710175514221, 0.7317827939987183, 0.0, 0.0, 0.7390920519828796, 0.7688713669776917, 0.815010666847229, 0.0, 0.0, 0.7813706398010254, 0.8061665296554565, 0.0, 0.0, 0.8161135315895081, 0.848652720451355, 0.8266707062721252, 0.8087080717086792, 0.0, 0.8138994574546814, 0.0, 0.8092259168624878, 0.8056063652038574, 0.8800450563430786, 0.8542335033416748, 0.0, 0.8166403770446777, 0.0, 0.8949103355407715, 0.8478719592094421, 0.0, 0.8543691635131836, 0.8962997198104858, 0.0, 0.0, 0.0, 0.0, 0.0, 0.0, 0.0, 0.7750705480575562]
BERTScore - f1: [0.8157145380973816, 0.8463776707649231, 0.0, 0.0, 0.0, 0.8625534176826477, 0.0, 0.0, 0.0, 0.8530980348587036, 0.7890467643737793, 0.7808488011360168, 0.0, 0.8084459900856018, 0.984014630317688, 0.0, 0.7672749161720276, 0.9361801743507385, 0.0, 0.9989170432090759, 0.0, 0.8144521713256836, 0.7928274273872375, 0.8812469840049744, 0.8289423584938049, 0.0, 0.0, 0.0, 0.8659592270851135, 0.0, 0.0, 0.0, 0.8333665728569031, 0.7433997392654419, 0.8782698512077332, 0.8064174652099609, 0.0, 0.0, 0.0, 0.0, 0.0, 0.0, 0.0, 0.0, 0.7950933575630188, 0.0, 0.0, 0.9987236261367798, 0.0, 0.7904545664787292, 0.8258422017097473, 0.8183331489562988, 0.0, 0.7910299897193909, 0.0, 0.8641819357872009, 0.0, 0.791923999786377, 0.8265891671180725, 0.0, 0.8673209547996521, 0.0, 0.8048506379127502, 0.8580514788627625, 0.0, 0.0, 0.8804891109466553, 0.0, 0.0, 0.0, 0.8261333703994751, 0.0, 0.7389802932739258, 0.8420360684394836, 0.8177673816680908, 0.7948728799819946, 0.9196013808250427, 0.0, 0.8113904595375061, 0.7737102508544922, 0.0, 0.8015304803848267, 0.0, 0.7839293479919434, 0.8545798659324646, 0.0, 0.0, 0.0, 0.8447005152702332, 0.8200222253799438, 0.8419249057769775, 0.8055400252342224, 0.0, 1.0000001192092896, 0.0, 0.8385127186775208, 0.0, 0.9113749265670776, 0.8598829507827759, 0.8275850415229797, 0.8710451126098633, 0.0, 0.0, 0.0, 0.8346946835517883, 0.0, 0.0, 1.0000001192092896, 0.8346983790397644, 0.0, 0.8768630623817444, 0.0, 0.7519608736038208, 0.0, 0.7946361899375916, 0.0, 0.0, 0.0, 0.9274362325668335, 0.0, 0.8609565496444702, 0.0, 0.0, 0.9151455163955688, 0.8168869614601135, 0.0, 0.8364309668540955, 0.0, 0.8474172353744507, 0.0, 0.8277530074119568, 0.0, 0.8275673985481262, 0.8925460577011108, 0.0, 0.8413740396499634, 0.8031295537948608, 0.8632631897926331, 0.8450708985328674, 0.0, 0.0, 0.0, 0.7932494282722473, 0.8336769938468933, 0.8118276596069336, 0.0, 0.0, 0.8205745816230774, 0.0, 0.8314172029495239, 0.0, 0.7579554915428162, 0.0, 0.0, 0.0, 0.8475580811500549, 0.0, 0.7830336689949036, 0.8524867296218872, 0.0, 0.782073438167572, 1.0000003576278687, 0.0, 0.0, 0.0, 0.7720342874526978, 0.8650611042976379, 0.8041096925735474, 0.0, 0.7465065717697144, 0.8129334449768066, 0.0, 0.0, 0.87667316198349, 0.0, 0.863764226436615, 0.0, 0.0, 0.0, 0.8539086580276489, 0.801663875579834, 0.7951148152351379, 0.769264280796051, 0.8710472583770752, 0.8238078951835632, 0.7681414484977722, 0.0, 0.8035274744033813, 0.0, 0.7861581444740295, 0.8647852540016174, 0.8284092545509338, 0.0, 0.0, 0.768504798412323, 0.9999998807907104, 0.8336086273193359, 0.8467370271682739, 0.0, 0.8264245986938477, 0.867179274559021, 0.7741451263427734, 0.8024033308029175, 0.0, 1.0, 0.8539332747459412, 0.7550211548805237, 0.8700188994407654, 0.0, 0.7573946118354797, 0.823307454586029, 0.0, 0.0, 0.8618359565734863, 0.9250234365463257, 0.8581229448318481, 0.7958098649978638, 0.797810435295105, 0.0, 0.0, 0.0, 0.0, 0.0, 0.8498961925506592, 0.0, 0.0, 0.9999998807907104, 0.7825157642364502, 0.7949194312095642, 0.9066391587257385, 0.8065586090087891, 0.8337857127189636, 0.7819387912750244, 0.7755994200706482, 0.8616213798522949, 0.7956531643867493, 0.7815060615539551, 0.0, 0.0, 0.7829472422599792, 0.8555443286895752, 0.0, 0.0, 0.8610811233520508, 0.8070682287216187, 0.8392871022224426, 0.0, 0.8808176517486572, 0.848270833492279, 0.0, 0.8182711005210876, 0.9999999403953552, 0.0, 0.0, 0.0, 0.8149803280830383, 0.8689086437225342, 0.0, 0.83234703540802, 0.794633686542511, 0.7813112735748291, 0.8302590847015381, 0.8319886922836304, 0.9999999403953552, 0.8524677753448486, 0.0, 0.8379117250442505, 0.0, 0.887965977191925, 0.0, 0.7339697480201721, 0.7725613713264465, 0.8243138194084167, 0.8000710606575012, 0.0, 0.8437614440917969, 0.0, 0.8712092638015747, 0.0, 0.8988577127456665, 0.7846040725708008, 0.7946484088897705, 0.0, 0.0, 0.8109951019287109, 0.0, 0.7934428453445435, 0.0, 0.8200925588607788, 0.8827950954437256, 0.785368800163269, 0.7622557282447815, 0.0, 0.0, 0.8448257446289062, 0.7641024589538574, 0.8097670674324036, 0.7868209481239319, 0.8589116930961609, 0.8122059106826782, 0.0, 0.0, 0.0, 0.8339828848838806, 0.0, 0.8123544454574585, 0.8192582726478577, 0.8027557134628296, 0.0, 0.7751783728599548, 1.0, 0.0, 0.8135386109352112, 0.8296951651573181, 0.0, 0.0, 0.0, 0.0, 0.86606365442276, 0.0, 0.0, 0.0, 0.8359013795852661, 0.0, 0.8071537017822266, 0.0, 0.0, 0.7913275361061096, 0.0, 0.0, 0.7685000896453857, 0.0, 0.0, 0.0, 0.7795774936676025, 0.0, 0.7680740356445312, 0.7983810305595398, 0.9457328915596008, 0.0, 0.8585214018821716, 0.8511295318603516, 0.0, 0.0, 0.7613928318023682, 0.0, 0.8603751063346863, 0.7975406646728516, 0.805105447769165, 0.0, 0.0, 0.0, 0.8472594022750854, 0.8460878729820251, 0.7887008190155029, 0.8541520237922668, 0.0, 0.0, 0.0, 0.9999996423721313, 0.0, 0.0, 0.8134660124778748, 0.9324485659599304, 0.0, 0.0, 0.8403680324554443, 0.831775426864624, 0.0, 0.0, 0.979559600353241, 0.7481708526611328, 0.0, 0.7869560718536377, 0.7893446683883667, 0.0, 0.8540257215499878, 0.0, 1.0000004768371582, 0.0, 0.0, 0.0, 0.8548741936683655, 0.0, 0.0, 0.0, 0.0, 0.808162271976471, 0.8351325988769531, 0.9690455794334412, 0.8161673545837402, 0.8211506009101868, 0.8222985863685608, 0.0, 0.0, 0.0, 0.0, 1.0, 0.8666415810585022, 0.0, 0.8645071387290955, 0.8179633021354675, 0.7933434844017029, 0.0, 0.0, 0.0, 0.0, 0.0, 0.8433573246002197, 0.8399528861045837, 1.0000001192092896, 0.8814066052436829, 0.0, 0.0, 0.8242196440696716, 0.8123611211776733, 0.767252504825592, 0.7869240641593933, 0.9428896903991699, 0.0, 0.0, 0.0, 1.0, 0.7317501306533813, 0.7837437987327576, 0.0, 1.0000001192092896, 0.0, 0.8425829410552979, 0.7882922887802124, 0.0, 0.0, 0.8301042318344116, 0.8816221356391907, 0.8545522689819336, 0.8387193083763123, 0.0, 0.0, 0.7771410346031189, 0.8552631735801697, 0.0, 0.0, 0.8093522787094116, 0.841854989528656, 0.8373340368270874, 0.0, 0.7862725257873535, 0.0, 0.0, 0.8234332203865051, 0.0, 0.7759494185447693, 0.0, 0.8373414278030396, 0.9978672862052917, 0.0, 0.9093275666236877, 0.7345284819602966, 0.7536430358886719, 0.0, 0.78631591796875, 0.0, 0.0, 0.7945579290390015, 1.0000001192092896, 0.8112227320671082, 0.796422004699707, 0.0, 0.8549798130989075, 0.0, 0.8152056932449341, 0.8317610025405884, 0.8456465601921082, 0.0, 0.0, 0.7875185608863831, 0.0, 0.0, 0.9999998807907104, 0.0, 0.0, 0.0, 0.0, 0.8675207495689392, 0.0, 0.0, 0.7744318842887878, 0.7601878046989441, 0.7901584506034851, 0.8318551182746887, 0.7030978202819824, 0.88885098695755, 0.0, 0.0, 0.8277662396430969, 0.8977983593940735, 0.8021310567855835, 0.8367899060249329, 0.0, 0.0, 0.8281896710395813, 0.859084963798523, 0.8526008725166321, 0.854901909828186, 0.0, 0.7821182608604431, 0.7663518786430359, 0.0, 0.8521573543548584, 0.8265872001647949, 0.7843201160430908, 0.8185586929321289, 0.8458099961280823, 0.0, 0.0, 0.0, 0.8275203704833984, 0.7831189632415771, 0.8066401481628418, 0.0, 0.0, 0.8219588994979858, 0.0, 0.0, 0.878411591053009, 0.8731761574745178, 0.8296751976013184, 0.0, 0.0, 0.7764526605606079, 0.7852219343185425, 0.8125742077827454, 0.8091544508934021, 0.0, 0.8884705305099487, 0.8026511669158936, 0.0, 0.0, 0.0, 0.790227472782135, 0.819208025932312, 0.0, 0.0, 0.0, 0.0, 0.0, 0.0, 0.0, 0.8182792663574219, 0.8020930290222168, 0.0, 0.0, 0.8028985857963562, 0.0, 0.0, 0.0, 0.8281517624855042, 0.8379800915718079, 0.8301532864570618, 0.7995119690895081, 0.8686797022819519, 0.0, 0.0, 0.0, 0.0, 0.0, 0.7635418772697449, 0.0, 0.7577741742134094, 0.0, 0.0, 0.784048318862915, 0.7872094511985779, 0.8555689454078674, 0.8566880822181702, 0.0, 0.0, 0.8424987196922302, 0.0, 0.0, 0.8753845691680908, 0.9303457140922546, 0.9999992847442627, 0.0, 0.8328232765197754, 0.0, 0.0, 0.8589038848876953, 0.8198185563087463, 0.8075607419013977, 0.794177770614624, 0.8174411058425903, 0.0, 0.7947866320610046, 0.816540539264679, 1.0000004768371582, 0.9099276661872864, 0.0, 0.8794172406196594, 0.0, 0.8542656302452087, 0.7768381834030151, 0.0, 0.8276851177215576, 0.8715131878852844, 0.0, 0.822250485420227, 0.8309410810470581, 0.0, 0.0, 0.7233828902244568, 0.8244529366493225, 0.7962073683738708, 0.8240589499473572, 1.0000001192092896, 0.0, 0.953908383846283, 0.0, 0.0, 0.0, 0.79920893907547, 0.8714572787284851, 0.0, 0.78975510597229, 0.8030762672424316, 0.8384142518043518, 0.791387140750885, 0.8162302374839783, 0.8109639286994934, 0.0, 0.0, 0.7298991680145264, 0.0, 0.8446189761161804, 0.8767290115356445, 0.0, 0.0, 0.0, 0.8332597613334656, 0.77065509557724, 0.0, 0.0, 0.7497490048408508, 0.7576999068260193, 0.8465791940689087, 0.0, 0.0, 0.778253972530365, 0.8375644683837891, 0.0, 0.0, 0.7544721961021423, 0.8383319973945618, 0.7687505483627319, 0.8253021836280823, 0.0, 0.8396751880645752, 0.0, 0.8531893491744995, 0.8240347504615784, 0.8550264239311218, 0.8576200008392334, 0.0, 0.8356334567070007, 0.0, 0.9331386685371399, 0.8510956168174744, 0.0, 0.8297426700592041, 0.8365858793258667, 0.0, 0.0, 0.0, 0.0, 0.0, 0.0, 0.0, 0.7718369960784912]
BERTScore - hashcode: roberta-large_L17_no-idf_version=0.3.12(hug_trans=4.51.3)
Exact Match: 0.0295
F1 Score: 0.0640