--- Evaluation Metrics (Answers) ---
ROUGE - rouge1: 0.0473
ROUGE - rouge2: 0.0321
ROUGE - rougeL: 0.0473
ROUGE - rougeLsum: 0.0471
BLEU - bleu: 0.0109
BLEU - precisions: [0.11668611435239207, 0.0738362760834671, 0.05092592592592592, 0.03514376996805112]
BLEU - brevity_penalty: 0.1745
BLEU - length_ratio: 0.3642
BLEU - translation_length: 857.0000
BLEU - reference_length: 2353.0000
METEOR - meteor: 0.0406
BERTScore - precision: [0.0, 0.9381392002105713, 0.8267066478729248, 0.0, 0.9392668008804321, 0.7876710295677185, 0.0, 0.809558093547821, 0.0, 0.8598415851593018, 0.0, 0.0, 0.0, 0.0, 0.0, 1.0000001192092896, 0.8289090991020203, 0.0, 0.0, 0.8032001852989197, 0.0, 0.8104634881019592, 0.0, 0.0, 0.0, 0.0, 0.0, 0.0, 0.0, 0.7682931423187256, 0.0, 0.0, 0.0, 0.0, 0.0, 0.0, 0.0, 0.0, 0.0, 0.8401107788085938, 0.9999998807907104, 0.9036222100257874, 0.0, 0.0, 0.0, 0.0, 0.0, 0.7935515642166138, 0.0, 0.8089268207550049, 0.0, 0.8113421201705933, 0.0, 0.7491076588630676, 0.0, 0.0, 0.0, 0.0, 0.7405367493629456, 0.0, 0.7463458776473999, 0.6923580765724182, 0.0, 0.0, 0.0, 0.0, 0.832697868347168, 0.0, 0.0, 0.0, 0.7974374890327454, 0.9053846597671509, 0.0, 0.0, 0.7284306287765503, 0.0, 0.0, 0.9999999403953552, 0.0, 0.7282677888870239, 0.0, 0.0, 0.0, 0.0, 0.9972883462905884, 0.0, 0.0, 0.0, 0.0, 0.0, 0.0, 0.0, 0.0, 0.0, 0.0, 0.8241827487945557, 0.0, 0.7488399147987366, 0.0, 0.0, 0.0, 0.789675772190094, 0.0, 0.0, 0.7769899368286133, 0.0, 0.0, 1.0, 0.0, 0.0, 0.0, 0.0, 0.7432947158813477, 0.8282647132873535, 0.0, 0.0, 0.909030020236969, 0.0, 0.0, 0.0, 0.0, 0.0, 0.0, 0.0, 1.0, 0.0, 0.0, 0.0, 0.0, 0.0, 1.0, 0.0, 0.8638491630554199, 0.0, 0.0, 0.0, 0.7805696725845337, 0.8751448392868042, 0.834778368473053, 0.8268245458602905, 0.0, 0.8139693140983582, 1.0, 0.8075430989265442, 0.8311770558357239, 0.0, 0.8089441061019897, 0.0, 0.8966687917709351, 0.7662582397460938, 0.0, 0.0, 0.0, 0.0, 0.0, 0.8141109943389893, 0.0, 0.0, 0.0, 0.0, 0.8434442281723022, 0.9999999403953552, 0.8310070037841797, 0.0, 0.0, 0.0, 0.8536853790283203, 1.0000001192092896, 0.0, 0.0, 0.7941199541091919, 0.8740912079811096, 0.7408480644226074, 0.8664661645889282, 0.0, 0.0, 0.8487387895584106, 0.0, 0.0, 0.0, 0.8065521717071533, 0.0, 0.0, 0.0, 0.8514309525489807, 0.0, 0.0, 0.7939491868019104, 0.0, 0.0, 0.0, 0.0, 0.0, 0.0, 0.0, 0.0, 0.0, 0.8468782901763916, 0.0, 0.7587237358093262, 0.0, 0.0, 0.0, 0.0, 0.9012527465820312, 0.8628089427947998, 0.0, 0.7434080243110657, 0.8574339151382446, 0.8037993907928467, 0.8520992994308472, 0.0, 0.0, 0.8508211970329285, 0.8357808589935303, 0.0, 0.7541863322257996, 0.847524881362915, 0.0, 0.7515847682952881, 0.0, 0.0, 0.0, 0.0, 0.0, 0.0, 0.0, 0.0, 0.0, 0.0, 0.6957487463951111, 0.0, 0.7599921226501465, 0.0, 0.0, 0.7460384368896484, 0.7875431776046753, 0.0, 0.0, 0.8024944067001343, 0.8275935649871826, 0.0, 0.0, 0.8495321273803711, 0.0, 0.8662897348403931, 0.8426101803779602, 0.8203919529914856, 0.0, 0.867321252822876, 0.890540361404419, 0.9999998807907104, 0.0, 0.0, 0.8193044662475586, 0.0, 0.0, 0.0, 0.0, 0.0, 0.0, 0.0, 0.0, 0.0, 0.0, 0.8441783785820007, 0.0, 0.0, 0.0, 0.0, 0.0, 0.9999998211860657, 0.7650098204612732, 0.0, 0.7155939936637878, 0.0, 0.0, 0.0, 0.0, 0.8221076726913452, 0.0, 0.9704974889755249, 0.8860101699829102, 0.0, 0.801376461982727, 1.0, 0.0, 0.0, 0.8202899694442749, 0.7939377427101135, 0.0, 0.0, 0.0, 0.0, 0.0, 0.0, 0.0, 0.0, 0.818929135799408, 0.8095307350158691, 0.8370097875595093, 0.8396430015563965, 0.0, 0.8713570833206177, 0.0, 0.0, 0.7937743663787842, 0.0, 0.0, 0.0, 0.9999998807907104, 0.0, 0.0, 0.0, 0.0, 0.0, 0.0, 0.7502151727676392, 0.0, 0.0, 0.0, 0.7503125667572021, 0.0, 0.0, 0.0, 0.8884989619255066, 0.8679094314575195, 0.0, 0.0, 0.7871280312538147, 0.8243812322616577, 0.0, 0.7145369648933411, 0.0, 0.8680959343910217, 0.0, 0.0, 0.9274168014526367, 0.0, 0.0, 0.0, 0.0, 0.0, 0.0, 0.0, 0.0, 0.8114159107208252, 0.8095530271530151, 0.0, 0.0, 0.0, 0.0, 0.7942180633544922, 0.0, 0.0, 0.0, 0.0, 0.7752937078475952, 0.952385425567627, 0.7483944892883301, 0.0, 0.0, 0.8005815148353577, 0.0, 0.0, 0.8037761449813843, 0.0, 0.0, 0.0, 0.0, 0.7863306999206543, 0.0, 0.0, 0.0, 0.0, 0.0, 0.0, 0.0, 0.0, 0.0, 0.8465762138366699, 0.0, 0.8642383813858032, 0.0, 0.7832028865814209, 0.0, 0.0, 0.0, 0.0, 0.0, 0.8437207937240601, 0.8333053588867188, 0.0, 0.0, 0.7997305989265442, 0.0, 0.0, 0.0, 0.8562840223312378, 0.0, 0.0, 0.0, 0.8110843896865845, 0.80666184425354, 0.8313795924186707, 0.0, 0.0, 0.0, 0.8462588787078857, 0.0, 0.795531153678894, 0.79412841796875, 0.0, 0.0, 0.8669808506965637, 0.8120438456535339, 0.0, 0.0, 0.7834829688072205, 0.0, 0.0, 0.0, 1.0, 0.8142203688621521, 1.0, 0.0, 0.0, 0.0, 0.0, 0.0, 0.7419412136077881, 0.0, 0.8168258666992188, 0.0, 0.0, 0.0, 0.831002950668335, 0.0, 0.0, 0.0, 0.0, 0.0, 0.0, 0.0, 0.8256732225418091, 0.0, 0.0, 0.0, 0.0, 0.0, 0.0, 0.0, 0.0, 0.0, 0.0, 0.860418438911438, 0.0, 0.0, 0.0, 0.0, 0.0, 0.0, 0.0, 0.7876542210578918, 0.0, 0.0, 0.0, 0.0, 0.8677185773849487, 0.0, 0.8895590305328369, 0.0, 0.7714582085609436, 0.0, 0.0, 0.0, 0.0, 0.0, 0.0, 0.0, 0.0, 0.0, 0.0, 0.8327621221542358, 0.0, 0.0, 0.8955061435699463, 0.0, 0.0, 0.0, 0.6839925050735474, 0.8137165307998657, 0.0, 0.0, 0.0, 0.8351459503173828, 0.0, 1.0, 0.0, 0.8166230916976929, 1.0, 0.0, 0.0, 0.0, 0.8155694007873535, 0.0, 0.0, 0.0, 0.0, 0.8193919062614441, 0.7783598303794861, 0.8314159512519836, 0.7790002226829529, 0.0, 0.0, 0.0, 0.8233391046524048, 0.8472349643707275, 0.0, 0.0, 0.0, 0.0, 0.7170237898826599, 0.7030037641525269, 0.8767770528793335, 0.0, 0.820159912109375, 0.0, 0.0, 0.7230581045150757, 0.0, 0.0, 0.749972403049469, 0.0, 0.7984218001365662, 0.0, 0.0, 0.0, 0.8941308856010437, 0.0, 0.85964435338974, 0.0, 0.8212662935256958, 0.0, 0.7962014079093933, 0.813784122467041, 0.0, 0.0, 1.0, 0.0, 0.0, 0.0, 0.8312318921089172, 0.0, 0.0, 0.8032020330429077, 0.0, 0.0, 0.8718936443328857, 0.9253865480422974, 0.8383190035820007, 0.0, 0.0, 0.0, 0.0, 0.0, 0.0, 0.0, 0.8087271451950073, 0.0, 0.7762150764465332, 0.8551304936408997, 0.0, 0.0, 0.8079136610031128, 0.0, 0.0, 0.7658511400222778, 0.0, 1.0, 0.0, 0.9076921939849854, 0.810304582118988, 0.0, 0.798868715763092, 0.8093202710151672, 0.0, 0.8427546620368958, 0.0, 0.7414211630821228, 0.0, 0.0, 0.0, 0.7682341933250427, 0.0, 0.0, 0.9226151704788208, 0.0, 0.8469442129135132, 0.0, 0.8353004455566406, 0.8227999806404114, 0.0, 0.0, 0.0, 0.0, 0.8109638094902039, 0.8675757646560669, 0.0, 0.0, 0.7824076414108276, 0.0, 0.0, 0.0, 0.0, 0.0, 0.7525539398193359, 0.0, 0.0, 0.0, 0.8528443574905396, 0.7729893326759338, 0.0, 0.739300012588501, 0.7862799167633057, 0.7533686757087708, 0.8767275810241699, 0.8126366138458252, 0.0, 0.0, 0.0, 0.0, 0.0, 0.8023495078086853, 0.0, 0.0, 0.0, 0.0, 0.8528691530227661, 0.0, 0.0, 0.0, 0.0, 0.0, 0.8095273971557617, 0.0, 0.0, 0.8286319971084595, 0.8715077638626099, 0.9158493876457214, 0.0, 0.8274517059326172, 0.7940412759780884, 0.0, 0.0, 0.0, 0.8671368956565857, 0.8166320323944092, 0.0, 0.0, 0.0, 0.0, 0.0, 0.8898136615753174, 0.0, 0.7888083457946777, 0.9974685311317444, 0.0, 0.8200823068618774, 0.7843317985534668, 0.8255863189697266, 0.0, 0.0, 0.0, 0.9083980321884155, 0.0, 0.0, 0.7719982862472534]
BERTScore - recall: [0.0, 0.9750195741653442, 0.8209071755409241, 0.0, 0.8232303857803345, 0.8016510009765625, 0.0, 0.8440161943435669, 0.0, 0.8464584350585938, 0.0, 0.0, 0.0, 0.0, 0.0, 1.0000001192092896, 0.9173853993415833, 0.0, 0.0, 0.89460688829422, 0.0, 0.7711713910102844, 0.0, 0.0, 0.0, 0.0, 0.0, 0.0, 0.0, 0.8212954998016357, 0.0, 0.0, 0.0, 0.0, 0.0, 0.0, 0.0, 0.0, 0.0, 0.8241294622421265, 0.9999998807907104, 0.9317745566368103, 0.0, 0.0, 0.0, 0.0, 0.0, 0.882721483707428, 0.0, 0.8818530440330505, 0.0, 0.8322466611862183, 0.0, 0.8379227519035339, 0.0, 0.0, 0.0, 0.0, 0.8309321403503418, 0.0, 0.8284181952476501, 0.7933705449104309, 0.0, 0.0, 0.0, 0.0, 0.8444836139678955, 0.0, 0.0, 0.0, 0.8569720983505249, 0.9611896872520447, 0.0, 0.0, 0.8262152671813965, 0.0, 0.0, 0.9999999403953552, 0.0, 0.8252004981040955, 0.0, 0.0, 0.0, 0.0, 0.9972883462905884, 0.0, 0.0, 0.0, 0.0, 0.0, 0.0, 0.0, 0.0, 0.0, 0.0, 0.8533492088317871, 0.0, 0.7730744481086731, 0.0, 0.0, 0.0, 0.7157008051872253, 0.0, 0.0, 0.9016573429107666, 0.0, 0.0, 1.0, 0.0, 0.0, 0.0, 0.0, 0.7810196876525879, 0.8630667924880981, 0.0, 0.0, 0.835812509059906, 0.0, 0.0, 0.0, 0.0, 0.0, 0.0, 0.0, 1.0, 0.0, 0.0, 0.0, 0.0, 0.0, 1.0, 0.0, 0.9342300295829773, 0.0, 0.0, 0.0, 0.8166852593421936, 0.8384082317352295, 0.8457656502723694, 0.8797398209571838, 0.0, 0.7914304733276367, 1.0, 0.861558198928833, 0.8257492184638977, 0.0, 0.7810893654823303, 0.0, 0.8517427444458008, 0.7696958780288696, 0.0, 0.0, 0.0, 0.0, 0.0, 0.8339574337005615, 0.0, 0.0, 0.0, 0.0, 0.7430784702301025, 0.9999999403953552, 0.7989246845245361, 0.0, 0.0, 0.0, 0.7919918894767761, 1.0000001192092896, 0.0, 0.0, 0.8696485757827759, 0.8633219003677368, 0.8509925603866577, 0.8806563019752502, 0.0, 0.0, 0.8624880909919739, 0.0, 0.0, 0.0, 0.7944782972335815, 0.0, 0.0, 0.0, 0.8544301986694336, 0.0, 0.0, 0.7499665021896362, 0.0, 0.0, 0.0, 0.0, 0.0, 0.0, 0.0, 0.0, 0.0, 0.8671503067016602, 0.0, 0.841315507888794, 0.0, 0.0, 0.0, 0.0, 0.9473826885223389, 0.8814176321029663, 0.0, 0.8379333019256592, 0.7725887298583984, 0.7236232757568359, 0.7798380255699158, 0.0, 0.0, 0.8299851417541504, 0.8519778251647949, 0.0, 0.8383328914642334, 0.8598005771636963, 0.0, 0.8749927282333374, 0.0, 0.0, 0.0, 0.0, 0.0, 0.0, 0.0, 0.0, 0.0, 0.0, 0.8164389133453369, 0.0, 0.7817335724830627, 0.0, 0.0, 0.8150011301040649, 0.775560200214386, 0.0, 0.0, 0.8087204694747925, 0.8817724585533142, 0.0, 0.0, 0.8837622404098511, 0.0, 0.84725022315979, 0.8536674976348877, 0.8681677579879761, 0.0, 0.8733354806900024, 0.8214195966720581, 0.9999998807907104, 0.0, 0.0, 0.7397593259811401, 0.0, 0.0, 0.0, 0.0, 0.0, 0.0, 0.0, 0.0, 0.0, 0.0, 0.826217770576477, 0.0, 0.0, 0.0, 0.0, 0.0, 0.9999998211860657, 0.8107088804244995, 0.0, 0.8333365321159363, 0.0, 0.0, 0.0, 0.0, 0.813861608505249, 0.0, 0.9457520246505737, 0.924371600151062, 0.0, 0.8682228326797485, 1.0, 0.0, 0.0, 0.90901118516922, 0.8660809397697449, 0.0, 0.0, 0.0, 0.0, 0.0, 0.0, 0.0, 0.0, 0.9029995203018188, 0.8366862535476685, 0.8913164138793945, 0.7994830012321472, 0.0, 0.8307570219039917, 0.0, 0.0, 0.8774998188018799, 0.0, 0.0, 0.0, 0.9999998807907104, 0.0, 0.0, 0.0, 0.0, 0.0, 0.0, 0.7562398910522461, 0.0, 0.0, 0.0, 0.8003458380699158, 0.0, 0.0, 0.0, 0.8381770253181458, 0.8482645750045776, 0.0, 0.0, 0.8798653483390808, 0.7738980054855347, 0.0, 0.8456645011901855, 0.0, 0.8153886198997498, 0.0, 0.0, 0.8408182859420776, 0.0, 0.0, 0.0, 0.0, 0.0, 0.0, 0.0, 0.0, 0.8208030462265015, 0.8029051423072815, 0.0, 0.0, 0.0, 0.0, 0.868956983089447, 0.0, 0.0, 0.0, 0.0, 0.8213597536087036, 0.9286050796508789, 0.8301051259040833, 0.0, 0.0, 0.7411565184593201, 0.0, 0.0, 0.8636958003044128, 0.0, 0.0, 0.0, 0.0, 0.8200196027755737, 0.0, 0.0, 0.0, 0.0, 0.0, 0.0, 0.0, 0.0, 0.0, 0.7927548885345459, 0.0, 0.8775891065597534, 0.0, 0.7944017648696899, 0.0, 0.0, 0.0, 0.0, 0.0, 0.7918174862861633, 0.8800079822540283, 0.0, 0.0, 0.8468062877655029, 0.0, 0.0, 0.0, 0.9201933145523071, 0.0, 0.0, 0.0, 0.8137490749359131, 0.7887017130851746, 0.8651707172393799, 0.0, 0.0, 0.0, 0.8820931911468506, 0.0, 0.8917366862297058, 0.8099613785743713, 0.0, 0.0, 0.8834700584411621, 0.8126788139343262, 0.0, 0.0, 0.7912259101867676, 0.0, 0.0, 0.0, 1.0, 0.7026116847991943, 1.0, 0.0, 0.0, 0.0, 0.0, 0.0, 0.8361570835113525, 0.0, 0.8766606450080872, 0.0, 0.0, 0.0, 0.7906150817871094, 0.0, 0.0, 0.0, 0.0, 0.0, 0.0, 0.0, 0.8493291139602661, 0.0, 0.0, 0.0, 0.0, 0.0, 0.0, 0.0, 0.0, 0.0, 0.0, 0.8514605760574341, 0.0, 0.0, 0.0, 0.0, 0.0, 0.0, 0.0, 0.8531577587127686, 0.0, 0.0, 0.0, 0.0, 0.8426101803779602, 0.0, 0.7788093090057373, 0.0, 0.8575356006622314, 0.0, 0.0, 0.0, 0.0, 0.0, 0.0, 0.0, 0.0, 0.0, 0.0, 0.8831843733787537, 0.0, 0.0, 0.8432956337928772, 0.0, 0.0, 0.0, 0.7233009338378906, 0.8668514490127563, 0.0, 0.0, 0.0, 0.8635708093643188, 0.0, 1.0, 0.0, 0.8038892149925232, 1.0, 0.0, 0.0, 0.0, 0.8256794810295105, 0.0, 0.0, 0.0, 0.0, 0.831457257270813, 0.7903721332550049, 0.89375239610672, 0.9225904941558838, 0.0, 0.0, 0.0, 0.8429763317108154, 0.8415244817733765, 0.0, 0.0, 0.0, 0.0, 0.7857489585876465, 0.8326367735862732, 0.880051851272583, 0.0, 0.8413430452346802, 0.0, 0.0, 0.7831831574440002, 0.0, 0.0, 0.8666322231292725, 0.0, 0.8728600740432739, 0.0, 0.0, 0.0, 0.9433835744857788, 0.0, 0.8312320709228516, 0.0, 0.7334371209144592, 0.0, 0.7746738791465759, 0.6996461749076843, 0.0, 0.0, 1.0, 0.0, 0.0, 0.0, 0.8427472710609436, 0.0, 0.0, 0.8453077673912048, 0.0, 0.0, 0.8387067317962646, 0.8271098732948303, 0.9013219475746155, 0.0, 0.0, 0.0, 0.0, 0.0, 0.0, 0.0, 0.7480258345603943, 0.0, 0.9162694215774536, 0.8622908592224121, 0.0, 0.0, 0.842506468296051, 0.0, 0.0, 0.8562012314796448, 0.0, 1.0, 0.0, 0.9541586637496948, 0.8098763227462769, 0.0, 0.8893543481826782, 0.8679496645927429, 0.0, 0.9270367622375488, 0.0, 0.8245303630828857, 0.0, 0.0, 0.0, 0.8232402205467224, 0.0, 0.0, 0.8975845575332642, 0.0, 0.851034939289093, 0.0, 0.8250333070755005, 0.8060480356216431, 0.0, 0.0, 0.0, 0.0, 0.8085880875587463, 0.8032630085945129, 0.0, 0.0, 0.692518949508667, 0.0, 0.0, 0.0, 0.0, 0.0, 0.8519816398620605, 0.0, 0.0, 0.0, 0.7803409099578857, 0.827667236328125, 0.0, 0.7982783317565918, 0.8149897456169128, 0.8709282875061035, 0.7211869955062866, 0.7875198721885681, 0.0, 0.0, 0.0, 0.0, 0.0, 0.8209940791130066, 0.0, 0.0, 0.0, 0.0, 0.7821378707885742, 0.0, 0.0, 0.0, 0.0, 0.0, 0.8225283622741699, 0.0, 0.0, 0.7878870964050293, 0.8061667680740356, 0.8680588006973267, 0.0, 0.8205100893974304, 0.8371068239212036, 0.0, 0.0, 0.0, 0.8138990998268127, 0.7577592134475708, 0.0, 0.0, 0.0, 0.0, 0.0, 0.82773357629776, 0.0, 0.795026421546936, 0.9974685311317444, 0.0, 0.8594805598258972, 0.8962996006011963, 0.8370515704154968, 0.0, 0.0, 0.0, 0.9179455637931824, 0.0, 0.0, 0.7856573462486267]
BERTScore - f1: [0.0, 0.9562239050865173, 0.8237967491149902, 0.0, 0.8774288892745972, 0.7945994734764099, 0.0, 0.8264281749725342, 0.0, 0.8530974984169006, 0.0, 0.0, 0.0, 0.0, 0.0, 1.0000001192092896, 0.870905876159668, 0.0, 0.0, 0.8464429378509521, 0.0, 0.7903293967247009, 0.0, 0.0, 0.0, 0.0, 0.0, 0.0, 0.0, 0.7939106822013855, 0.0, 0.0, 0.0, 0.0, 0.0, 0.0, 0.0, 0.0, 0.0, 0.8320434093475342, 0.9999998807907104, 0.9174824357032776, 0.0, 0.0, 0.0, 0.0, 0.0, 0.8357647657394409, 0.0, 0.8438171744346619, 0.0, 0.8216614127159119, 0.0, 0.7910300493240356, 0.0, 0.0, 0.0, 0.0, 0.7831345200538635, 0.0, 0.7852433323860168, 0.7394304871559143, 0.0, 0.0, 0.0, 0.0, 0.8385493159294128, 0.0, 0.0, 0.0, 0.8261335492134094, 0.9324530363082886, 0.0, 0.0, 0.7742477059364319, 0.0, 0.0, 0.9999999403953552, 0.0, 0.7737099528312683, 0.0, 0.0, 0.0, 0.0, 0.9972883462905884, 0.0, 0.0, 0.0, 0.0, 0.0, 0.0, 0.0, 0.0, 0.0, 0.0, 0.8385124206542969, 0.0, 0.7607641816139221, 0.0, 0.0, 0.0, 0.7508707046508789, 0.0, 0.0, 0.8346943259239197, 0.0, 0.0, 1.0, 0.0, 0.0, 0.0, 0.0, 0.7616903185844421, 0.8453076481819153, 0.0, 0.0, 0.8708850741386414, 0.0, 0.0, 0.0, 0.0, 0.0, 0.0, 0.0, 1.0, 0.0, 0.0, 0.0, 0.0, 0.0, 1.0, 0.0, 0.8976621627807617, 0.0, 0.0, 0.0, 0.7982190847396851, 0.8563827276229858, 0.8402360677719116, 0.8524617552757263, 0.0, 0.8025416731834412, 1.0, 0.8336766362190247, 0.8284542560577393, 0.0, 0.794772744178772, 0.0, 0.873628556728363, 0.7679732441902161, 0.0, 0.0, 0.0, 0.0, 0.0, 0.8239147067070007, 0.0, 0.0, 0.0, 0.0, 0.7900866866111755, 0.9999999403953552, 0.8146501183509827, 0.0, 0.0, 0.0, 0.8216822147369385, 1.0000001192092896, 0.0, 0.0, 0.8301699161529541, 0.8686731457710266, 0.7921097278594971, 0.873503565788269, 0.0, 0.0, 0.8555582165718079, 0.0, 0.0, 0.0, 0.800469696521759, 0.0, 0.0, 0.0, 0.8529279828071594, 0.0, 0.0, 0.7713313698768616, 0.0, 0.0, 0.0, 0.0, 0.0, 0.0, 0.0, 0.0, 0.0, 0.8568944334983826, 0.0, 0.7978879809379578, 0.0, 0.0, 0.0, 0.0, 0.9237421751022339, 0.8720139861106873, 0.0, 0.7878455519676208, 0.8128031492233276, 0.7616070508956909, 0.8143689036369324, 0.0, 0.0, 0.8402739763259888, 0.8438016176223755, 0.0, 0.7940364480018616, 0.8536185622215271, 0.0, 0.808607280254364, 0.0, 0.0, 0.0, 0.0, 0.0, 0.0, 0.0, 0.0, 0.0, 0.0, 0.7512776255607605, 0.0, 0.7707096338272095, 0.0, 0.0, 0.778996467590332, 0.7815057635307312, 0.0, 0.0, 0.8055954575538635, 0.8538243770599365, 0.0, 0.0, 0.8663091659545898, 0.0, 0.8566641807556152, 0.8481028079986572, 0.8436039090156555, 0.0, 0.8703179955482483, 0.8545845746994019, 0.9999998807907104, 0.0, 0.0, 0.7775026559829712, 0.0, 0.0, 0.0, 0.0, 0.0, 0.0, 0.0, 0.0, 0.0, 0.0, 0.8351015448570251, 0.0, 0.0, 0.0, 0.0, 0.0, 0.9999998211860657, 0.787196695804596, 0.0, 0.7699901461601257, 0.0, 0.0, 0.0, 0.0, 0.8179638385772705, 0.0, 0.9579649567604065, 0.9047844409942627, 0.0, 0.8334615230560303, 1.0, 0.0, 0.0, 0.8623746037483215, 0.8284416794776917, 0.0, 0.0, 0.0, 0.0, 0.0, 0.0, 0.0, 0.0, 0.8589120507240295, 0.8228845000267029, 0.863309919834137, 0.8190709948539734, 0.0, 0.8505728244781494, 0.0, 0.0, 0.8335399031639099, 0.0, 0.0, 0.0, 0.9999998807907104, 0.0, 0.0, 0.0, 0.0, 0.0, 0.0, 0.753215491771698, 0.0, 0.0, 0.0, 0.7745219469070435, 0.0, 0.0, 0.0, 0.8626047372817993, 0.8579745888710022, 0.0, 0.0, 0.8309171199798584, 0.7983423471450806, 0.0, 0.7745904326438904, 0.0, 0.84091717004776, 0.0, 0.0, 0.8819969892501831, 0.0, 0.0, 0.0, 0.0, 0.0, 0.0, 0.0, 0.0, 0.8160824775695801, 0.8062154054641724, 0.0, 0.0, 0.0, 0.0, 0.8299081921577454, 0.0, 0.0, 0.0, 0.0, 0.7976621985435486, 0.9403449296951294, 0.7871349453926086, 0.0, 0.0, 0.7697237730026245, 0.0, 0.0, 0.8326594233512878, 0.0, 0.0, 0.0, 0.0, 0.8028218746185303, 0.0, 0.0, 0.0, 0.0, 0.0, 0.0, 0.0, 0.0, 0.0, 0.8187820315361023, 0.0, 0.870862603187561, 0.0, 0.788762629032135, 0.0, 0.0, 0.0, 0.0, 0.0, 0.8169455528259277, 0.8560201525688171, 0.0, 0.0, 0.822595477104187, 0.0, 0.0, 0.0, 0.8870890736579895, 0.0, 0.0, 0.0, 0.8124145269393921, 0.7975806593894958, 0.847938597202301, 0.0, 0.0, 0.0, 0.8638045787811279, 0.0, 0.8408911824226379, 0.8019667863845825, 0.0, 0.0, 0.875147819519043, 0.8123611807823181, 0.0, 0.0, 0.7873353958129883, 0.0, 0.0, 0.0, 1.0, 0.754309892654419, 1.0, 0.0, 0.0, 0.0, 0.0, 0.0, 0.7862367033958435, 0.0, 0.8456862568855286, 0.0, 0.0, 0.0, 0.8103060722351074, 0.0, 0.0, 0.0, 0.0, 0.0, 0.0, 0.0, 0.837334156036377, 0.0, 0.0, 0.0, 0.0, 0.0, 0.0, 0.0, 0.0, 0.0, 0.0, 0.8559160828590393, 0.0, 0.0, 0.0, 0.0, 0.0, 0.0, 0.0, 0.8190985321998596, 0.0, 0.0, 0.0, 0.0, 0.8549799919128418, 0.0, 0.8305082321166992, 0.0, 0.8122227787971497, 0.0, 0.0, 0.0, 0.0, 0.0, 0.0, 0.0, 0.0, 0.0, 0.0, 0.8572325110435486, 0.0, 0.0, 0.868617057800293, 0.0, 0.0, 0.0, 0.7030977010726929, 0.8394440412521362, 0.0, 0.0, 0.0, 0.849120557308197, 0.0, 1.0, 0.0, 0.8102061152458191, 1.0, 0.0, 0.0, 0.0, 0.8205932378768921, 0.0, 0.0, 0.0, 0.0, 0.8253805637359619, 0.7843199372291565, 0.8614580035209656, 0.8447368144989014, 0.0, 0.0, 0.0, 0.8330420255661011, 0.8443700671195984, 0.0, 0.0, 0.0, 0.0, 0.7498148679733276, 0.7623487114906311, 0.8784113526344299, 0.0, 0.8306164145469666, 0.0, 0.0, 0.7519205808639526, 0.0, 0.0, 0.804093062877655, 0.0, 0.8339832425117493, 0.0, 0.0, 0.0, 0.9180971384048462, 0.0, 0.845199465751648, 0.0, 0.7748708128929138, 0.0, 0.7852901220321655, 0.7524111866950989, 0.0, 0.0, 1.0, 0.0, 0.0, 0.0, 0.8369500041007996, 0.0, 0.0, 0.8237172365188599, 0.0, 0.0, 0.8549782037734985, 0.8734925985336304, 0.8686796426773071, 0.0, 0.0, 0.0, 0.0, 0.0, 0.0, 0.0, 0.7771931290626526, 0.0, 0.8404474258422852, 0.8586958050727844, 0.0, 0.0, 0.8248474597930908, 0.0, 0.0, 0.8085098266601562, 0.0, 1.0, 0.0, 0.9303455948829651, 0.8100904226303101, 0.0, 0.8416865468025208, 0.8376102447509766, 0.0, 0.8828888535499573, 0.0, 0.7807703018188477, 0.0, 0.0, 0.0, 0.7947866320610046, 0.0, 0.0, 0.9099277257919312, 0.0, 0.8489845991134644, 0.0, 0.8301351070404053, 0.8143377900123596, 0.0, 0.0, 0.0, 0.0, 0.8097742199897766, 0.8341816663742065, 0.0, 0.0, 0.7347241640090942, 0.0, 0.0, 0.0, 0.0, 0.0, 0.799187183380127, 0.0, 0.0, 0.0, 0.8149833083152771, 0.799394428730011, 0.0, 0.767657995223999, 0.8003774285316467, 0.8078942894935608, 0.791387140750885, 0.799881100654602, 0.0, 0.0, 0.0, 0.0, 0.0, 0.8115647435188293, 0.0, 0.0, 0.0, 0.0, 0.8159735798835754, 0.0, 0.0, 0.0, 0.0, 0.0, 0.815976083278656, 0.0, 0.0, 0.8077460527420044, 0.8375648260116577, 0.8913139700889587, 0.0, 0.8239662647247314, 0.8150055408477783, 0.0, 0.0, 0.0, 0.8396749496459961, 0.7860949039459229, 0.0, 0.0, 0.0, 0.0, 0.0, 0.8576517105102539, 0.0, 0.7919051647186279, 0.9974685311317444, 0.0, 0.8393193483352661, 0.8365858793258667, 0.8312793970108032, 0.0, 0.0, 0.0, 0.9131468534469604, 0.0, 0.0, 0.7787679433822632]
BERTScore - hashcode: roberta-large_L17_no-idf_version=0.3.12(hug_trans=4.51.3)
Exact Match: 0.0280
F1 Score: 0.0441