--- Evaluation Metrics (Answers) ---
ROUGE - rouge1: 0.0754
ROUGE - rouge2: 0.0393
ROUGE - rougeL: 0.0741
ROUGE - rougeLsum: 0.0746
BLEU - bleu: 0.0173
BLEU - precisions: [0.18518518518518517, 0.13070539419087138, 0.1, 0.07471264367816093]
BLEU - brevity_penalty: 0.1488
BLEU - length_ratio: 0.3442
BLEU - translation_length: 810.0000
BLEU - reference_length: 2353.0000
METEOR - meteor: 0.0574
BERTScore - precision: [0.0, 0.8924864530563354, 0.0, 0.7714190483093262, 0.0, 0.0, 0.0, 0.8963073492050171, 0.8343052864074707, 0.0, 0.9039396047592163, 0.9992266893386841, 0.0, 0.0, 0.9910155534744263, 0.0, 0.8862344026565552, 0.8420119881629944, 0.0, 0.9987435340881348, 0.8089662194252014, 0.0, 0.7973408699035645, 0.900611400604248, 0.9091318249702454, 0.8466139435768127, 0.7874736785888672, 0.0, 0.0, 0.8248684406280518, 0.0, 0.8190830945968628, 0.8177562355995178, 0.0, 0.0, 0.8003100156784058, 0.0, 0.7736294865608215, 0.0, 0.8637590408325195, 0.0, 0.0, 0.0, 0.0, 0.858447790145874, 0.0, 0.0, 0.998723030090332, 0.8958619236946106, 0.0, 0.0, 0.9803128838539124, 0.8274187445640564, 0.7491077780723572, 0.0, 0.8244160413742065, 0.0, 0.8855472207069397, 0.7459603548049927, 0.0, 0.8839634656906128, 0.8208425045013428, 0.8064850568771362, 0.0, 0.0, 0.0, 0.9126925468444824, 0.8379809260368347, 0.9999997019767761, 0.0, 0.7974374294281006, 0.9189560413360596, 0.8573694229125977, 0.0, 0.9999997615814209, 0.0, 0.8299672603607178, 0.0, 0.0, 0.728268027305603, 0.9992117285728455, 0.8260971307754517, 0.8249090909957886, 0.8122629523277283, 0.0, 0.0, 0.0, 0.0, 0.8365655541419983, 0.8365505933761597, 1.000000238418579, 0.0, 0.0, 0.0, 0.0, 0.0, 0.9080914855003357, 0.8525722026824951, 0.0, 0.0, 0.0, 0.0, 0.0, 0.9999997615814209, 0.8517262935638428, 0.0, 0.0, 0.0, 0.7820498943328857, 0.7949976921081543, 0.0, 0.0, 0.7677576541900635, 0.0, 0.0, 0.81810462474823, 0.9090308547019958, 0.0, 0.8330591917037964, 0.0, 0.8051143288612366, 0.0, 0.0, 0.8204154372215271, 0.9999999403953552, 0.0, 0.0, 0.0, 0.9251585006713867, 0.0, 0.9999999403953552, 0.8691924214363098, 0.6613996028900146, 0.0, 0.0, 0.0, 0.780569851398468, 0.0, 0.912901759147644, 0.0, 0.0, 0.0, 0.9043916463851929, 0.0, 0.8428394794464111, 0.0, 0.0, 0.0, 0.8966689109802246, 0.8080691695213318, 0.8782267570495605, 0.7438717484474182, 1.0, 0.0, 0.8509004712104797, 0.8117411136627197, 0.0, 0.0, 0.8279628753662109, 0.9211496710777283, 0.8398023247718811, 0.0, 0.0, 0.0, 0.814931333065033, 0.753131628036499, 0.0, 0.8253223896026611, 0.0, 0.8256706595420837, 0.9992228746414185, 0.0, 0.0, 0.7785766124725342, 0.999495804309845, 0.0, 0.0, 0.0, 0.9999997615814209, 0.9991867542266846, 0.8088371157646179, 0.7822209596633911, 0.8511139154434204, 0.8834524750709534, 0.0, 0.6896203756332397, 0.0, 0.0, 0.9309528470039368, 0.0, 0.8139538764953613, 0.0, 0.0, 0.0, 0.7631460428237915, 0.0, 0.0, 0.8291521072387695, 0.787503719329834, 0.0, 0.0, 0.9999997615814209, 0.9342455267906189, 0.7925493121147156, 0.7398254871368408, 0.8322770595550537, 0.0, 0.8132908940315247, 0.876566469669342, 0.0, 0.8399403095245361, 0.7250549793243408, 0.0, 0.853531539440155, 0.0, 1.0, 0.8441892862319946, 0.0, 0.0, 0.7555042505264282, 0.8975223302841187, 0.8130003213882446, 0.0, 0.8760675191879272, 0.8962410092353821, 0.0, 0.0, 0.8184736371040344, 0.8035160899162292, 0.8881407380104065, 0.9145802855491638, 0.8450989723205566, 0.0, 0.0, 0.8751683235168457, 0.8407473564147949, 0.8690365552902222, 0.0, 0.9999996423721313, 0.0, 0.0, 0.0, 0.0, 0.9757544994354248, 0.7939949035644531, 0.8662898540496826, 0.0, 0.0, 0.0, 0.0, 0.0, 0.9359917044639587, 0.0, 0.8094702959060669, 0.0, 0.824915885925293, 0.0, 0.0, 0.0, 0.803544819355011, 0.0, 0.0, 0.805374026298523, 0.0, 0.828818678855896, 0.0, 0.0, 0.8382002115249634, 0.0, 1.0, 0.0, 0.85738205909729, 0.8673758506774902, 0.807318925857544, 0.8304708003997803, 0.0, 0.0, 0.0, 0.0, 0.0, 0.8336373567581177, 0.7546935081481934, 0.8860101699829102, 0.0, 0.801376223564148, 0.82029789686203, 0.7811036109924316, 0.0, 0.8217374086380005, 0.7939375042915344, 0.9997266530990601, 0.8904184699058533, 0.8081454038619995, 0.0, 0.0, 0.8330458402633667, 0.9838805198669434, 0.7907794117927551, 0.8251008987426758, 0.7881416082382202, 0.0, 0.0, 0.0, 0.873919665813446, 0.0, 1.0, 0.7873307466506958, 0.0, 0.9061024188995361, 0.8352717161178589, 0.9999998807907104, 0.0, 0.8085843324661255, 0.7896819114685059, 0.8947451710700989, 0.0, 0.8369526267051697, 0.0, 0.874467134475708, 0.0, 0.0, 0.9015946984291077, 0.0, 0.0, 0.0, 0.0, 1.0, 0.0, 0.0, 0.0, 0.8238804936408997, 0.0, 0.0, 0.8476666212081909, 0.7463514804840088, 0.0, 1.0, 0.7899303436279297, 0.9568716287612915, 0.8226675987243652, 0.0, 0.0, 0.0, 0.8382326364517212, 0.8311184644699097, 0.0, 0.0, 0.8040404319763184, 0.0, 0.0, 0.0, 0.8245692253112793, 0.0, 0.7692273855209351, 0.0, 0.8107444643974304, 0.0, 0.0, 0.0, 0.9337250590324402, 0.0, 0.0, 0.8408429622650146, 0.8722753524780273, 0.8841283917427063, 0.0, 0.0, 0.9914683103561401, 0.0, 0.0, 0.8251760005950928, 0.7443201541900635, 0.8175172209739685, 0.0, 0.0, 0.0, 0.981174647808075, 0.0, 1.0, 0.0, 0.89524245262146, 0.0, 0.9124779105186462, 0.0, 0.7832026481628418, 0.0, 0.0, 0.7754769325256348, 0.0, 0.0, 0.8366007208824158, 0.826967716217041, 0.0, 0.0, 0.987895667552948, 0.0, 0.0, 1.0, 0.0, 0.0, 0.0, 0.0, 0.8047986626625061, 0.0, 0.0, 0.0, 0.0, 0.0, 0.8391486406326294, 0.0, 0.9999998807907104, 0.0, 0.0, 0.0, 0.9126350283622742, 0.0, 0.7615134119987488, 0.0, 1.0, 0.0, 0.0, 0.0, 0.0, 0.0, 0.0, 0.0, 0.0, 0.0, 0.0, 1.0, 0.7626711130142212, 0.0, 0.7598069906234741, 0.0, 0.8397281169891357, 0.831161379814148, 0.0, 0.0, 0.8449670672416687, 0.0, 0.0, 0.9837486743927002, 0.0, 0.0, 0.8256732821464539, 0.8649148941040039, 0.0, 0.0, 0.0, 0.0, 0.0, 0.802942156791687, 0.8536373972892761, 0.0, 0.9986827969551086, 0.7304002046585083, 0.0, 0.8322276473045349, 0.7885737419128418, 0.0, 0.7392309904098511, 0.0, 0.0, 0.9163607358932495, 1.0, 0.8412415981292725, 0.0, 0.0, 0.0, 0.0, 0.0, 0.0, 0.0, 0.0, 0.0, 0.7606752514839172, 0.0, 0.0, 0.7652161121368408, 0.0, 0.0, 0.0, 1.0, 0.9267567992210388, 0.0, 0.0, 0.839726448059082, 0.8362706899642944, 0.795522928237915, 0.0, 0.8284192085266113, 0.0, 0.0, 0.0, 0.6952144503593445, 0.8583127856254578, 0.8269607424736023, 0.0, 0.8028030395507812, 0.7679235935211182, 0.8258658647537231, 0.0, 0.0, 0.7849813103675842, 0.0, 0.8322564363479614, 0.7946500182151794, 0.0, 0.0, 0.8190170526504517, 0.8321810960769653, 0.872455358505249, 0.8484737873077393, 0.8672294616699219, 0.0, 0.0, 0.7966623902320862, 0.8713115453720093, 0.7909170985221863, 0.9983282089233398, 0.0, 0.0, 0.0, 0.0, 0.0, 0.9999999403953552, 0.0, 0.7978978157043457, 0.8129395246505737, 0.919157862663269, 0.0, 0.7894392609596252, 0.7970437407493591, 0.0, 0.7984218001365662, 0.0, 0.0, 0.0, 0.8235872387886047, 0.0, 0.8793450593948364, 0.7125679850578308, 0.8611805438995361, 0.8682451248168945, 0.0, 0.8339183926582336, 0.0, 0.0, 0.7744185924530029, 0.0, 0.0, 0.0, 0.9525370001792908, 0.9991992115974426, 0.8042848110198975, 0.0, 0.9051278829574585, 0.7771576642990112, 0.8668795824050903, 0.882621705532074, 0.0, 0.7935434579849243, 0.0, 0.0, 0.0, 0.0, 0.0, 0.0, 0.8360289335250854, 0.0, 0.9999999403953552, 0.0, 0.806390643119812, 0.0, 0.0, 0.0, 1.0, 0.7302669286727905, 0.0, 1.0, 0.0, 0.8244441747665405, 0.0, 0.0, 0.0, 0.0, 0.0, 0.0, 0.931251049041748, 0.0, 0.0, 0.0, 0.0, 1.0, 1.000000238418579, 0.7461579442024231, 0.9226152300834656, 0.0, 0.8352643251419067, 0.0, 0.77668696641922, 0.8200550079345703, 0.0, 0.8036959767341614, 0.0, 0.0, 0.8185762166976929, 0.8675758242607117, 0.0, 0.83332359790802, 0.8666876554489136, 0.8437595367431641, 1.0, 0.8656623363494873, 0.8022327423095703, 0.0, 0.0, 0.0, 0.8583740592002869, 0.0, 0.7405333518981934, 0.0, 0.0, 0.8401939868927002, 0.0, 0.9023633003234863, 1.0, 0.8126369714736938, 0.0, 0.8507799506187439, 0.0, 0.0, 0.0, 0.8724612593650818, 0.8202618360519409, 0.0, 0.0, 0.0, 0.8258222937583923, 0.0, 0.0, 0.8588377833366394, 0.8368490934371948, 0.8360730409622192, 0.0, 0.0, 0.0, 0.0, 0.7608808279037476, 0.0, 0.0, 0.8054288029670715, 0.8722936511039734, 0.9152742624282837, 0.8290573954582214, 0.0, 0.0, 0.8485500812530518, 0.9012330770492554, 0.7731788754463196, 0.7999754548072815, 0.837705135345459, 0.8677735328674316, 0.0, 0.0, 0.7888084650039673, 0.0, 0.9368205666542053, 0.8200825452804565, 0.800834059715271, 0.8454321026802063, 0.0, 0.0, 0.0, 0.0, 0.0, 0.0, 0.7492278218269348]
BERTScore - recall: [0.0, 0.8135412931442261, 0.0, 0.7479993104934692, 0.0, 0.0, 0.0, 0.8963073492050171, 0.9087646007537842, 0.0, 0.8777655363082886, 0.9992266893386841, 0.0, 0.0, 0.9910155534744263, 0.0, 0.7378369569778442, 0.866668701171875, 0.0, 0.9987435340881348, 0.7928208708763123, 0.0, 0.8813957571983337, 0.9214305877685547, 0.8237221837043762, 0.8368996977806091, 0.8318102359771729, 0.0, 0.0, 0.8977382183074951, 0.0, 0.7541090846061707, 0.8939051032066345, 0.0, 0.0, 0.7756032347679138, 0.0, 0.8534608483314514, 0.0, 0.7828866839408875, 0.0, 0.0, 0.0, 0.0, 0.8440155982971191, 0.0, 0.0, 0.998723030090332, 0.8558885455131531, 0.0, 0.0, 0.9328019618988037, 0.7907789945602417, 0.8379230499267578, 0.0, 0.833295464515686, 0.0, 0.8116064667701721, 0.8021386861801147, 0.0, 0.8512934446334839, 0.8100301027297974, 0.8559834957122803, 0.0, 0.0, 0.0, 0.8472350835800171, 0.8235082030296326, 0.9999997019767761, 0.0, 0.856971800327301, 0.8558172583580017, 0.7644192576408386, 0.0, 0.9999997615814209, 0.0, 0.8469848036766052, 0.0, 0.0, 0.8252007961273193, 0.9992117285728455, 0.7862052917480469, 0.9016984105110168, 0.71927809715271, 0.0, 0.0, 0.0, 0.0, 0.9119762778282166, 0.8340020179748535, 1.000000238418579, 0.0, 0.0, 0.0, 0.0, 0.0, 0.7948207855224609, 0.805030345916748, 0.0, 0.0, 0.0, 0.0, 0.0, 0.9999997615814209, 0.9346625208854675, 0.0, 0.0, 0.0, 0.8336367607116699, 0.813524067401886, 0.0, 0.0, 0.8009389638900757, 0.0, 0.0, 0.8306408524513245, 0.8358129858970642, 0.0, 0.7799643278121948, 0.0, 0.8526381254196167, 0.0, 0.0, 0.8378117084503174, 0.9999999403953552, 0.0, 0.0, 0.0, 0.816541314125061, 0.0, 0.9999999403953552, 0.8055713176727295, 0.8517456650733948, 0.0, 0.0, 0.0, 0.8166853189468384, 0.0, 0.912901759147644, 0.0, 0.0, 0.0, 0.7356391549110413, 0.0, 0.8344261050224304, 0.0, 0.0, 0.0, 0.8517430424690247, 0.7904775142669678, 0.9404969811439514, 0.7202783226966858, 1.0, 0.0, 0.7203456163406372, 0.8190588355064392, 0.0, 0.0, 0.7571563720703125, 0.7966010570526123, 0.7262321710586548, 0.0, 0.0, 0.0, 0.7903487682342529, 0.7326027750968933, 0.0, 0.8132051229476929, 0.0, 0.713123083114624, 0.9992228746414185, 0.0, 0.0, 0.8362924456596375, 0.999495804309845, 0.0, 0.0, 0.0, 0.9999997615814209, 0.9991867542266846, 0.8002318143844604, 0.9013553261756897, 0.8014008402824402, 0.9415996670722961, 0.0, 0.7500776052474976, 0.0, 0.0, 0.8870807886123657, 0.0, 0.747779130935669, 0.0, 0.0, 0.0, 0.8225942850112915, 0.0, 0.0, 0.8546850681304932, 0.8302650451660156, 0.0, 0.0, 0.9999997615814209, 0.8099349737167358, 0.8124662041664124, 0.8901894092559814, 0.8782094120979309, 0.0, 0.8556859493255615, 0.7497608661651611, 0.0, 0.7664284706115723, 0.7558023929595947, 0.0, 0.8340736031532288, 0.0, 1.0, 0.8447889685630798, 0.0, 0.0, 0.8625982999801636, 0.8155868053436279, 0.733339786529541, 0.0, 0.8390663862228394, 0.8275410532951355, 0.0, 0.0, 0.750328540802002, 0.7797039151191711, 0.9332712888717651, 0.8177523612976074, 0.7945234775543213, 0.0, 0.0, 0.844916582107544, 0.8130647540092468, 0.8178085088729858, 0.0, 0.9999996423721313, 0.0, 0.0, 0.0, 0.0, 0.9379472136497498, 0.8552300930023193, 0.8472504019737244, 0.0, 0.0, 0.0, 0.0, 0.0, 0.8710787296295166, 0.0, 0.8324998021125793, 0.0, 0.8052809238433838, 0.0, 0.0, 0.0, 0.8311618566513062, 0.0, 0.0, 0.9228658676147461, 0.0, 0.8267212510108948, 0.0, 0.0, 0.8400669097900391, 0.0, 1.0, 0.0, 0.8115756511688232, 0.8623570799827576, 0.7964804172515869, 0.9191230535507202, 0.0, 0.0, 0.0, 0.0, 0.0, 0.7280229926109314, 0.8390706181526184, 0.9243718385696411, 0.0, 0.8682228326797485, 0.8156861066818237, 0.7699539661407471, 0.0, 0.9173130989074707, 0.866080641746521, 0.9997266530990601, 0.7454633712768555, 0.8352667689323425, 0.0, 0.0, 0.7983790040016174, 0.9523259997367859, 0.7479423880577087, 0.9281029105186462, 0.8377858996391296, 0.0, 0.0, 0.0, 0.8323494791984558, 0.0, 1.0, 0.8808491826057434, 0.0, 0.8363068103790283, 0.7422643899917603, 0.9999998807907104, 0.0, 0.7964085936546326, 0.8664087057113647, 0.8154528141021729, 0.0, 0.7800842523574829, 0.0, 0.8337262868881226, 0.0, 0.0, 0.8112626075744629, 0.0, 0.0, 0.0, 0.0, 1.0, 0.0, 0.0, 0.0, 0.8362504839897156, 0.0, 0.0, 0.8361921310424805, 0.7775596380233765, 0.0, 1.0, 0.8247485160827637, 0.9164416790008545, 0.8444054126739502, 0.0, 0.0, 0.0, 0.7985817193984985, 0.7360632419586182, 0.0, 0.0, 0.79177325963974, 0.0, 0.0, 0.0, 0.8736529350280762, 0.0, 0.8467563390731812, 0.0, 0.8413248658180237, 0.0, 0.0, 0.0, 0.9337250590324402, 0.0, 0.0, 0.7581560611724854, 0.8571519255638123, 0.8131924867630005, 0.0, 0.0, 0.9871320724487305, 0.0, 0.0, 0.8379946947097778, 0.7694445848464966, 0.9265563488006592, 0.0, 0.0, 0.0, 0.981174647808075, 0.0, 1.0, 0.0, 0.7755105495452881, 0.0, 0.8448615074157715, 0.0, 0.794402003288269, 0.0, 0.0, 0.8274793028831482, 0.0, 0.0, 0.8058176040649414, 0.8970391154289246, 0.0, 0.0, 0.987895667552948, 0.0, 0.0, 1.0, 0.0, 0.0, 0.0, 0.0, 0.8186421394348145, 0.0, 0.0, 0.0, 0.0, 0.0, 0.8648014664649963, 0.0, 0.9999998807907104, 0.0, 0.0, 0.0, 0.8690346479415894, 0.0, 0.757474422454834, 0.0, 1.0, 0.0, 0.0, 0.0, 0.0, 0.0, 0.0, 0.0, 0.0, 0.0, 0.0, 1.0, 0.8415328860282898, 0.0, 0.8999481201171875, 0.0, 0.8662883043289185, 0.7921153903007507, 0.0, 0.0, 0.7941909432411194, 0.0, 0.0, 0.9469633102416992, 0.0, 0.0, 0.8493289947509766, 0.849527895450592, 0.0, 0.0, 0.0, 0.0, 0.0, 0.7803081274032593, 0.8102035522460938, 0.0, 0.9986827969551086, 0.8348881006240845, 0.0, 0.6587964296340942, 0.7856123447418213, 0.0, 0.8301384449005127, 0.0, 0.0, 0.8269082307815552, 1.0, 0.771170437335968, 0.0, 0.0, 0.0, 0.0, 0.0, 0.0, 0.0, 0.0, 0.0, 0.8138065338134766, 0.0, 0.0, 0.7929934859275818, 0.0, 0.0, 0.0, 1.0, 0.8820016384124756, 0.0, 0.0, 0.8297528028488159, 0.6928602457046509, 0.79831862449646, 0.0, 0.7281546592712402, 0.0, 0.0, 0.0, 0.7889283895492554, 0.8200381994247437, 0.8766642808914185, 0.0, 0.8508569598197937, 0.7814539670944214, 0.8063273429870605, 0.0, 0.0, 0.8713716268539429, 0.0, 0.814059853553772, 0.7440121173858643, 0.0, 0.0, 0.8169736862182617, 0.7978577613830566, 0.9333277344703674, 0.9315928220748901, 0.7687539458274841, 0.0, 0.0, 0.8616784811019897, 0.9061453342437744, 0.8613349199295044, 0.9983282089233398, 0.0, 0.0, 0.0, 0.0, 0.0, 0.9999999403953552, 0.0, 0.8819915056228638, 0.8260723352432251, 0.8370703458786011, 0.0, 0.7630451917648315, 0.8319481611251831, 0.0, 0.8728604316711426, 0.0, 0.0, 0.0, 0.9089850783348083, 0.0, 0.8074143528938293, 0.8682570457458496, 0.7469524145126343, 0.8285950422286987, 0.0, 0.6849485039710999, 0.0, 0.0, 0.8067829608917236, 0.0, 0.0, 0.0, 0.9011813402175903, 0.9991992115974426, 0.6527080535888672, 0.0, 0.9135492444038391, 0.84892338514328, 0.7990059852600098, 0.8434999585151672, 0.0, 0.8043996095657349, 0.0, 0.0, 0.0, 0.0, 0.0, 0.0, 0.7164734601974487, 0.0, 0.9999999403953552, 0.0, 0.8858477473258972, 0.0, 0.0, 0.0, 1.0, 0.8532803654670715, 0.0, 1.0, 0.0, 0.7869046926498413, 0.0, 0.0, 0.0, 0.0, 0.0, 0.0, 0.8874954581260681, 0.0, 0.0, 0.0, 0.0, 1.0, 1.000000238418579, 0.8886703848838806, 0.8975845575332642, 0.0, 0.8397703170776367, 0.0, 0.8048919439315796, 0.825241208076477, 0.0, 0.8230820894241333, 0.0, 0.0, 0.8249565362930298, 0.8032629489898682, 0.0, 0.8566958904266357, 0.7019046545028687, 0.8435213565826416, 1.0, 0.9389022588729858, 0.7672562599182129, 0.0, 0.0, 0.0, 0.7785643339157104, 0.0, 0.7936135530471802, 0.0, 0.0, 0.8412689566612244, 0.0, 0.9554507732391357, 1.0, 0.7875196933746338, 0.0, 0.8604495525360107, 0.0, 0.0, 0.0, 0.8381331562995911, 0.8401942253112793, 0.0, 0.0, 0.0, 0.7627384066581726, 0.0, 0.0, 0.8797745704650879, 0.7487851977348328, 0.780293345451355, 0.0, 0.0, 0.0, 0.0, 0.8160520792007446, 0.0, 0.0, 0.8210415840148926, 0.8752093315124512, 0.9152742624282837, 0.7758467197418213, 0.0, 0.0, 0.7451387047767639, 0.8086757659912109, 0.7898058295249939, 0.8680446743965149, 0.8799252510070801, 0.8784379363059998, 0.0, 0.0, 0.7950263023376465, 0.0, 0.9279720187187195, 0.859480619430542, 0.8335371017456055, 0.8098356127738953, 0.0, 0.0, 0.0, 0.0, 0.0, 0.0, 0.7795835137367249]
BERTScore - f1: [0.0, 0.8511872887611389, 0.0, 0.7595286965370178, 0.0, 0.0, 0.0, 0.8963073492050171, 0.8699445724487305, 0.0, 0.890660285949707, 0.9992266893386841, 0.0, 0.0, 0.9910155534744263, 0.0, 0.8052558898925781, 0.8541625142097473, 0.0, 0.9987435340881348, 0.8008121848106384, 0.0, 0.8372639417648315, 0.9109020829200745, 0.8643221259117126, 0.8417288064956665, 0.8090349435806274, 0.0, 0.0, 0.8597620725631714, 0.0, 0.7852543592453003, 0.8541368246078491, 0.0, 0.0, 0.7877629399299622, 0.0, 0.8115867376327515, 0.0, 0.8213368654251099, 0.0, 0.0, 0.0, 0.0, 0.851170539855957, 0.0, 0.0, 0.998723030090332, 0.8754191398620605, 0.0, 0.0, 0.9559674859046936, 0.8086840510368347, 0.7910301685333252, 0.0, 0.8288319706916809, 0.0, 0.8469661474227905, 0.773030161857605, 0.0, 0.8673208951950073, 0.8154004812240601, 0.8304973840713501, 0.0, 0.0, 0.0, 0.878746509552002, 0.8306815028190613, 0.9999997019767761, 0.0, 0.8261334300041199, 0.8862634897232056, 0.8082306981086731, 0.0, 0.9999997615814209, 0.0, 0.8383896946907043, 0.0, 0.0, 0.7737101912498474, 0.9992117285728455, 0.8056577444076538, 0.8615961670875549, 0.7629477977752686, 0.0, 0.0, 0.0, 0.0, 0.8726447820663452, 0.835274338722229, 1.000000238418579, 0.0, 0.0, 0.0, 0.0, 0.0, 0.8476889729499817, 0.8281194567680359, 0.0, 0.0, 0.0, 0.0, 0.0, 0.9999997615814209, 0.8912691473960876, 0.0, 0.0, 0.0, 0.8070197701454163, 0.8041542172431946, 0.0, 0.0, 0.7839973568916321, 0.0, 0.0, 0.8243250250816345, 0.8708857297897339, 0.0, 0.8056378960609436, 0.0, 0.8281949758529663, 0.0, 0.0, 0.8290222883224487, 0.9999999403953552, 0.0, 0.0, 0.0, 0.8674631118774414, 0.0, 0.9999999403953552, 0.8361734747886658, 0.7446003556251526, 0.0, 0.0, 0.0, 0.7982192635536194, 0.0, 0.912901759147644, 0.0, 0.0, 0.0, 0.811333417892456, 0.0, 0.8386116623878479, 0.0, 0.0, 0.0, 0.8736287951469421, 0.7991765141487122, 0.9082959294319153, 0.7318848967552185, 1.0, 0.0, 0.7801990509033203, 0.8153834939002991, 0.0, 0.0, 0.790978193283081, 0.8543599843978882, 0.7788991332054138, 0.0, 0.0, 0.0, 0.8024517893791199, 0.7427253127098083, 0.0, 0.8192189931869507, 0.0, 0.7652809619903564, 0.9992228746414185, 0.0, 0.0, 0.8064031004905701, 0.999495804309845, 0.0, 0.0, 0.0, 0.9999997615814209, 0.9991867542266846, 0.8045114874839783, 0.8375729918479919, 0.8255096673965454, 0.9115998148918152, 0.0, 0.7185795903205872, 0.0, 0.0, 0.9084874391555786, 0.0, 0.7794644832611084, 0.0, 0.0, 0.0, 0.7917558550834656, 0.0, 0.0, 0.8417249917984009, 0.8083192110061646, 0.0, 0.0, 0.9999997615814209, 0.8676603436470032, 0.8023841977119446, 0.8080721497535706, 0.8546265363693237, 0.0, 0.8339499831199646, 0.8082201480865479, 0.0, 0.8015023469924927, 0.7401095032691956, 0.0, 0.8436903953552246, 0.0, 1.0, 0.8444890975952148, 0.0, 0.0, 0.805507242679596, 0.8545951843261719, 0.7711181640625, 0.0, 0.8571678400039673, 0.8605220317840576, 0.0, 0.0, 0.7829210758209229, 0.7914309501647949, 0.9101468920707703, 0.8634602427482605, 0.8190311789512634, 0.0, 0.0, 0.8597764372825623, 0.8266743421554565, 0.8426446914672852, 0.0, 0.9999996423721313, 0.0, 0.0, 0.0, 0.0, 0.9564773440361023, 0.82347571849823, 0.8566643595695496, 0.0, 0.0, 0.0, 0.0, 0.0, 0.9023692607879639, 0.0, 0.8208234906196594, 0.0, 0.814980149269104, 0.0, 0.0, 0.0, 0.8171200752258301, 0.0, 0.0, 0.8601261973381042, 0.0, 0.8277685642242432, 0.0, 0.0, 0.8391324877738953, 0.0, 1.0, 0.0, 0.8338502645492554, 0.8648591041564941, 0.8018630743026733, 0.872550904750824, 0.0, 0.0, 0.0, 0.0, 0.0, 0.7772589325904846, 0.7946485877037048, 0.9047845602035522, 0.0, 0.833461344242096, 0.8179855346679688, 0.7754887342453003, 0.0, 0.8668988943099976, 0.8284413814544678, 0.9997266530990601, 0.811518669128418, 0.8214823007583618, 0.0, 0.0, 0.8153440952301025, 0.9678460955619812, 0.7687646150588989, 0.8735761642456055, 0.8122059106826782, 0.0, 0.0, 0.0, 0.8526281714439392, 0.0, 1.0, 0.8314686417579651, 0.0, 0.869806706905365, 0.7860262989997864, 0.9999998807907104, 0.0, 0.8024502992630005, 0.8262679576873779, 0.85326087474823, 0.0, 0.807518482208252, 0.0, 0.8536108732223511, 0.0, 0.0, 0.8540467023849487, 0.0, 0.0, 0.0, 0.0, 1.0, 0.0, 0.0, 0.0, 0.8300194144248962, 0.0, 0.0, 0.841890275478363, 0.7616360187530518, 0.0, 1.0, 0.8069640398025513, 0.9362204074859619, 0.8333947658538818, 0.0, 0.0, 0.0, 0.8179268836975098, 0.7807080745697021, 0.0, 0.0, 0.7978596687316895, 0.0, 0.0, 0.0, 0.8484017848968506, 0.0, 0.8061320781707764, 0.0, 0.8257516026496887, 0.0, 0.0, 0.0, 0.9337250590324402, 0.0, 0.0, 0.7973616123199463, 0.8646475076675415, 0.8471781015396118, 0.0, 0.0, 0.9892954230308533, 0.0, 0.0, 0.8315359354019165, 0.7566739320755005, 0.868628203868866, 0.0, 0.0, 0.0, 0.981174647808075, 0.0, 1.0, 0.0, 0.831086277961731, 0.0, 0.8773688673973083, 0.0, 0.788762629032135, 0.0, 0.0, 0.8006345629692078, 0.0, 0.0, 0.8209207057952881, 0.8605793714523315, 0.0, 0.0, 0.987895667552948, 0.0, 0.0, 1.0, 0.0, 0.0, 0.0, 0.0, 0.8116613626480103, 0.0, 0.0, 0.0, 0.0, 0.0, 0.8517819046974182, 0.0, 0.9999998807907104, 0.0, 0.0, 0.0, 0.8903013467788696, 0.0, 0.7594885230064392, 0.0, 1.0, 0.0, 0.0, 0.0, 0.0, 0.0, 0.0, 0.0, 0.0, 0.0, 0.0, 1.0, 0.8001636266708374, 0.0, 0.8239611387252808, 0.0, 0.852801501750946, 0.8111688494682312, 0.0, 0.0, 0.8187925815582275, 0.0, 0.0, 0.9650055766105652, 0.0, 0.0, 0.8373340368270874, 0.8571524024009705, 0.0, 0.0, 0.0, 0.0, 0.0, 0.791463315486908, 0.8313535451889038, 0.0, 0.9986827969551086, 0.7791566848754883, 0.0, 0.735425591468811, 0.7870902419090271, 0.0, 0.7820518016815186, 0.0, 0.0, 0.8693394064903259, 1.0, 0.8046835064888, 0.0, 0.0, 0.0, 0.0, 0.0, 0.0, 0.0, 0.0, 0.0, 0.7863444685935974, 0.0, 0.0, 0.7788571715354919, 0.0, 0.0, 0.0, 1.0, 0.9038254618644714, 0.0, 0.0, 0.8347098231315613, 0.7578405737876892, 0.7969183325767517, 0.0, 0.7750577330589294, 0.0, 0.0, 0.0, 0.7391127347946167, 0.8387390971183777, 0.8510875105857849, 0.0, 0.8261317610740662, 0.7746297121047974, 0.8159796595573425, 0.0, 0.0, 0.825923502445221, 0.0, 0.8230575919151306, 0.7684978246688843, 0.0, 0.0, 0.8179940581321716, 0.8146580457687378, 0.901865541934967, 0.8880926966667175, 0.8150278925895691, 0.0, 0.0, 0.8278958797454834, 0.8883870840072632, 0.8246254324913025, 0.9983282089233398, 0.0, 0.0, 0.0, 0.0, 0.0, 0.9999999403953552, 0.0, 0.8378398418426514, 0.8194533586502075, 0.8761956691741943, 0.0, 0.7760178446769714, 0.8141220211982727, 0.0, 0.8339833617210388, 0.0, 0.0, 0.0, 0.8641815185546875, 0.0, 0.8418459296226501, 0.782745897769928, 0.8000096082687378, 0.8479568362236023, 0.0, 0.7521279454231262, 0.0, 0.0, 0.7902696132659912, 0.0, 0.0, 0.0, 0.9261478185653687, 0.9991992115974426, 0.7206119298934937, 0.0, 0.9093190431594849, 0.8114568591117859, 0.8315600752830505, 0.862617552280426, 0.0, 0.7989346385002136, 0.0, 0.0, 0.0, 0.0, 0.0, 0.0, 0.7716478109359741, 0.0, 0.9999999403953552, 0.0, 0.8442537784576416, 0.0, 0.0, 0.0, 1.0, 0.7869956493377686, 0.0, 1.0, 0.0, 0.8052371740341187, 0.0, 0.0, 0.0, 0.0, 0.0, 0.0, 0.908846914768219, 0.0, 0.0, 0.0, 0.0, 1.0, 1.000000238418579, 0.8112025260925293, 0.9099277853965759, 0.0, 0.8375113010406494, 0.0, 0.7905378937721252, 0.8226399421691895, 0.0, 0.8132734894752502, 0.0, 0.0, 0.821753978729248, 0.8341816067695618, 0.0, 0.8448481559753418, 0.7756407856941223, 0.8436403870582581, 1.0, 0.9007960557937622, 0.7843547463417053, 0.0, 0.0, 0.0, 0.8165236711502075, 0.0, 0.7661552429199219, 0.0, 0.0, 0.8407310843467712, 0.0, 0.9281485676765442, 1.0, 0.7998812198638916, 0.0, 0.8555874228477478, 0.0, 0.0, 0.0, 0.8549527525901794, 0.8301084041595459, 0.0, 0.0, 0.0, 0.7930277585983276, 0.0, 0.0, 0.8691800832748413, 0.7903717160224915, 0.8072207570075989, 0.0, 0.0, 0.0, 0.0, 0.787501335144043, 0.0, 0.0, 0.8131603002548218, 0.8737490177154541, 0.9152742624282837, 0.8015698790550232, 0.0, 0.0, 0.7934893369674683, 0.852449357509613, 0.7814039587974548, 0.832621157169342, 0.858296275138855, 0.8730731010437012, 0.0, 0.0, 0.7919051647186279, 0.0, 0.9323753118515015, 0.8393195271492004, 0.8168583512306213, 0.827251136302948, 0.0, 0.0, 0.0, 0.0, 0.0, 0.0, 0.7641043066978455]
BERTScore - hashcode: roberta-large_L17_no-idf_version=0.3.12(hug_trans=4.51.3)
Exact Match: 0.0472
F1 Score: 0.0725